2.66667
2.84444
2.92571
2.97215
3.00218
3.02317
3.03867
3.05059
3.06004
3.0677
3.07406
3.0794
3.08396
3.0879
3.09134
3.09436
3.09704
3.09943
3.10158
3.10352
3.10528
3.10688
3.10835
3.1097
3.11095
3.1121
3.11316
3.11416
3.11508
3.11595
3.11676
3.11752
3.11824
3.11891
3.11955
3.12015
3.12072
3.12126
3.12177
3.12226
3.12273
3.12317
3.12359
3.12399
3.12438
3.12475
3.1251
3.12544
3.12577
3.12608
3.12638
3.12667
3.12695
3.12721
3.12747
3.12772
3.12796
3.1282
3.12842
3.12864
3.12885
3.12905
3.12925
3.12944
3.12962
3.1298
3.12998
3.13015
3.13031
3.13047
3.13063
3.13078
3.13093
3.13107
3.13121
3.13134
3.13148
3.1316
3.13173
3.13185
3.13197
3.13209
3.1322
3.13231
3.13242
3.13253
3.13263
3.13273
3.13283
3.13293
3.13302
3.13311
3.1332
3.13329
3.13338
3.13346
3.13355
3.13363
3.13371
3.13379
3.13386
3.13394
3.13401
3.13409
3.13416
3.13423
3.1343
3.13436
3.13443
3.13449
3.13456
3.13462
3.13468
3.13474
3.1348
3.13486
3.13492
3.13497
3.13503
3.13508
3.13514
3.13519
3.13524
3.13529
3.13534
3.13539
3.13544
3.13549
3.13553
3.13558
3.13563
3.13567
3.13572
3.13576
3.1358
3.13584
3.13589
3.13593
3.13597
3.13601
3.13605
3.13609
3.13613
3.13616
3.1362
3.13624
3.13627
3.13631
3.13634
3.13638
3.13641
3.13645
3.13648
3.13651
3.13655
3.13658
3.13661
3.13664
3.13667
3.1367
3.13673
3.13676
3.13679
3.13682
3.13685
3.13688
3.13691
3.13694
3.13696
3.13699
3.13702
3.13704
3.13707
3.1371
3.13712
3.13715
3.13717
3.1372
3.13722
3.13724
3.13727
3.13729
3.13732
3.13734
3.13736
3.13738
3.13741
3.13743
3.13745
3.13747
3.13749
3.13752
3.13754
3.13756
3.13758
3.1376
3.13762
3.13764
3.13766
3.13768
3.1377
3.13772
3.13774
3.13775
3.13777
3.13779
3.13781
3.13783
3.13785
3.13786
3.13788
3.1379
3.13792
3.13793
3.13795
3.13797
3.13798
3.138
3.13802
3.13803
3.13805
3.13806
3.13808
3.1381
3.13811
3.13813
3.13814
3.13816
3.13817
3.13819
3.1382
3.13822
3.13823
3.13824
3.13826
3.13827
3.13829
3.1383
3.13831
3.13833
3.13834
3.13835
3.13837
3.13838
3.13839
3.13841
3.13842
3.13843
3.13845
3.13846
3.13847
3.13848
3.1385
3.13851
3.13852
3.13853
3.13854
3.13856
3.13857
3.13858
3.13859
3.1386
3.13861
3.13862
3.13864
3.13865
3.13866
3.13867
3.13868
3.13869
3.1387
3.13871
3.13872
3.13873
3.13874
3.13875
3.13876
3.13877
3.13878
3.13879
3.1388
3.13881
3.13882
3.13883
3.13884
3.13885
3.13886
3.13887
3.13888
3.13889
3.1389
3.13891
3.13892
3.13893
3.13894
3.13895
3.13895
3.13896
3.13897
3.13898
3.13899
3.139
3.13901
3.13901
3.13902
3.13903
3.13904
3.13905
3.13906
3.13907
3.13907
3.13908
3.13909
3.1391
3.13911
3.13911
3.13912
3.13913
3.13914
3.13914
3.13915
3.13916
3.13917
3.13917
3.13918
3.13919
3.1392
3.1392
3.13921
3.13922
3.13922
3.13923
3.13924
3.13925
3.13925
3.13926
3.13927
3.13927
3.13928
3.13929
3.13929
3.1393
3.13931
3.13931
3.13932
3.13933
3.13933
3.13934
3.13935
3.13935
3.13936
3.13937
3.13937
3.13938
3.13938
3.13939
3.1394
3.1394
3.13941
3.13942
3.13942
3.13943
3.13943
3.13944
3.13945
3.13945
3.13946
3.13946
3.13947
3.13947
3.13948
3.13949
3.13949
3.1395
3.1395
3.13951
3.13951
3.13952
3.13953
3.13953
3.13954
3.13954
3.13955
3.13955
3.13956
3.13956
3.13957
3.13957
3.13958
3.13958
3.13959
3.13959
3.1396
3.1396
3.13961
3.13961
3.13962
3.13962
3.13963
3.13963
3.13964
3.13964
3.13965
3.13965
3.13966
3.13966
3.13967
3.13967
3.13968
3.13968
3.13969
3.13969
3.13969
3.1397
3.1397
3.13971
3.13971
3.13972
3.13972
3.13973
3.13973
3.13974
3.13974
3.13974
3.13975
3.13975
3.13976
3.13976
3.13977
3.13977
3.13977
3.13978
3.13978
3.13979
3.13979
3.13979
3.1398
3.1398
3.13981
3.13981
3.13981
3.13982
3.13982
3.13983
3.13983
3.13983
3.13984
3.13984
3.13985
3.13985
3.13985
3.13986
3.13986
3.13987
3.13987
3.13987
3.13988
3.13988
3.13988
3.13989
3.13989
3.1399
3.1399
3.1399
3.13991
3.13991
3.13991
3.13992
3.13992
3.13993
3.13993
3.13993
3.13994
3.13994
3.13994
3.13995
3.13995
3.13995
3.13996
3.13996
3.13996
3.13997
3.13997
3.13997
3.13998
3.13998
3.13998
3.13999
3.13999
3.13999
3.14
3.14
3.14
3.14001
3.14001
3.14001
3.14002
3.14002
3.14002
3.14003
3.14003
3.14003
3.14003
3.14004
3.14004
3.14004
3.14005
3.14005
3.14005
3.14006
3.14006
3.14006
3.14007
3.14007
3.14007
3.14007
3.14008
3.14008
3.14008
3.14009
3.14009
3.14009
3.1401
3.1401
3.1401
3.14011
3.14011
3.14011
3.14011
3.14012
3.14012
3.14012
3.14013
3.14013
3.14013
3.14013
3.14014
3.14014
3.14014
3.14014
3.14015
3.14015
3.14015
3.14015
3.14016
3.14016
3.14016
3.14016
3.14017
3.14017
3.14017
3.14017
3.14018
3.14018
3.14018
3.14019
3.14019
3.14019
3.14019
3.1402
3.1402
3.1402
3.1402
3.14021
3.14021
3.14021
3.14021
3.14022
3.14022
3.14022
3.14022
3.14023
3.14023
3.14023
3.14023
3.14023
3.14024
3.14024
3.14024
3.14024
3.14024
3.14025
3.14025
3.14025
3.14025
3.14026
3.14026
3.14026
3.14026
3.14026
3.14027
3.14027
3.14027
3.14027
3.14027
3.14028
3.14028
3.14028
3.14028
3.14029
3.14029
3.14029
3.14029
3.14029
3.1403
3.1403
3.1403
3.1403
3.1403
3.14031
3.14031
3.14031
3.14031
3.14032
3.14032
3.14032
3.14032
3.14032
3.14033
3.14033
3.14033
3.14033
3.14033
3.14034
3.14034
3.14034
3.14034
3.14034
3.14034
3.14035
3.14035
3.14035
3.14035
3.14035
3.14036
3.14036
3.14036
3.14036
3.14036
3.14037
3.14037
3.14037
3.14037
3.14037
3.14038
3.14038
3.14038
3.14038
3.14038
3.14038
3.14039
3.14039
3.14039
3.14039
3.14039
3.1404
3.1404
3.1404
3.1404
3.1404
3.14041
3.14041
3.14041
3.14041
3.14041
3.14042
3.14042
3.14042
3.14042
3.14042
3.14042
3.14043
3.14043
3.14043
3.14043
3.14043
3.14044
3.14044
3.14044
3.14044
3.14044
3.14045
3.14045
3.14045
3.14045
3.14045
3.14045
3.14045
3.14046
3.14046
3.14046
3.14046
3.14046
3.14046
3.14046
3.14047
3.14047
3.14047
3.14047
3.14047
3.14047
3.14047
3.14048
3.14048
3.14048
3.14048
3.14048
3.14048
3.14048
3.14049
3.14049
3.14049
3.14049
3.14049
3.14049
3.14049
3.1405
3.1405
3.1405
3.1405
3.1405
3.1405
3.1405
3.14051
3.14051
3.14051
3.14051
3.14051
3.14051
3.14051
3.14052
3.14052
3.14052
3.14052
3.14052
3.14052
3.14052
3.14053
3.14053
3.14053
3.14053
3.14053
3.14053
3.14053
3.14054
3.14054
3.14054
3.14054
3.14054
3.14054
3.14054
3.14055
3.14055
3.14055
3.14055
3.14055
3.14055
3.14055
3.14056
3.14056
3.14056
3.14056
3.14056
3.14056
3.14056
3.14057
3.14057
3.14057
3.14057
3.14057
3.14057
3.14057
3.14058
3.14058
3.14058
3.14058
3.14058
3.14058
3.14058
3.14058
3.14059
3.14059
3.14059
3.14059
3.14059
3.14059
3.14059
3.14059
3.1406
3.1406
3.1406
3.1406
3.1406
3.1406
3.1406
3.1406
3.1406
3.14061
3.14061
3.14061
3.14061
3.14061
3.14061
3.14061
3.14061
3.14062
3.14062
3.14062
3.14062
3.14062
3.14062
3.14062
3.14062
3.14063
3.14063
3.14063
3.14063
3.14063
3.14063
3.14063
3.14063
3.14063
3.14064
3.14064
3.14064
3.14064
3.14064
3.14064
3.14064
3.14064
3.14065
3.14065
3.14065
3.14065
3.14065
3.14065
3.14065
3.14065
3.14066
3.14066
3.14066
3.14066
3.14066
3.14066
3.14066
3.14066
3.14066
3.14067
3.14067
3.14067
3.14067
3.14067
3.14067
3.14067
3.14067
3.14068
3.14068
3.14068
3.14068
3.14068
3.14068
3.14068
3.14068
3.14068
3.14069
3.14069
3.14069
3.14069
3.14069
3.14069
3.14069
3.14069
3.1407
3.1407
3.1407
3.1407
3.1407
3.1407
3.1407
3.1407
3.14071
3.14071
3.14071
3.14071
3.14071
3.14071
3.14071
3.14071
3.14071
3.14072
3.14072
3.14072
3.14072
3.14072
3.14072
3.14072
3.14072
3.14073
3.14073
3.14073
3.14073
3.14073
3.14073
3.14073
3.14073
3.14073
3.14074
3.14074
3.14074
3.14074
3.14074
3.14074
3.14074
3.14074
3.14075
3.14075
3.14075
3.14075
3.14075
3.14075
3.14075
3.14075
3.14075
3.14075
3.14075
3.14075
3.14075
3.14075
3.14076
3.14076
3.14076
3.14076
3.14076
3.14076
3.14076
3.14076
3.14076
3.14076
3.14076
3.14076
3.14076
3.14076
3.14077
3.14077
3.14077
3.14077
3.14077
3.14077
3.14077
3.14077
3.14077
3.14077
3.14077
3.14077
3.14077
3.14077
3.14078
3.14078
3.14078
3.14078
3.14078
3.14078
3.14078
3.14078
3.14078
3.14078
3.14078
3.14078
3.14078
3.14078
3.14079
3.14079
3.14079
3.14079
3.14079
3.14079
3.14079
3.14079
3.14079
3.14079
3.14079
3.14079
3.14079
3.14079
3.1408
3.1408
3.1408
3.1408
3.1408
3.1408
3.1408
3.1408
3.1408
3.1408
3.1408
3.1408
3.1408
3.14081
3.14081
3.14081
3.14081
3.14081
3.14081
3.14081
3.14081
3.14081
3.14081
3.14081
3.14081
3.14081
3.14081
3.14082
3.14082
3.14082
3.14082
3.14082
3.14082
3.14082
3.14082
3.14082
3.14082
3.14082
3.14082
3.14082
3.14082
3.14083
3.14083
3.14083
3.14083
3.14083
3.14083
3.14083
3.14083
3.14083
3.14083
3.14083
3.14083
3.14083
3.14083
3.14084
3.14084
3.14084
3.14084
3.14084
3.14084
3.14084
3.14084
3.14084
3.14084
3.14084
3.14084
3.14084
3.14084
3.14085
3.14085
3.14085
3.14085
3.14085
3.14085
3.14085
3.14085
3.14085
3.14085
3.14085
3.14085
3.14085
3.14085
3.14086
3.14086
3.14086
3.14086
3.14086
3.14086
3.14086
3.14086
3.14086
3.14086
3.14086
3.14086
3.14086
3.14086
3.14087
3.14087
3.14087
3.14087
3.14087
3.14087
3.14087
3.14087
3.14087
3.14087
3.14087
3.14087
3.14087
3.14087
3.14088
3.14088
3.14088
3.14088
3.14088
3.14088
3.14088
3.14088
3.14088
3.14088
3.14088
3.14088
3.14088
3.14088
3.14089
3.14089
3.14089
3.14089
3.14089
3.14089
3.14089
3.14089
3.14089
3.14089
3.14089
3.14089
3.14089
3.14089
3.1409
3.1409
3.1409
3.1409
3.1409
3.1409
3.1409
3.1409
3.1409
3.1409
3.1409
3.1409
3.1409
3.1409
3.14091
3.14091
3.14091
3.14091
3.14091
3.14091
3.14091
3.14091
3.14091
3.14091
3.14091
3.14091
3.14091
3.14091
3.14092
3.14092
3.14092
3.14092
3.14092
3.14092
3.14092
3.14092
3.14092
3.14092
3.14092
3.14092
3.14092
3.14092
3.14093
3.14093
3.14093
3.14093
3.14093
3.14093
3.14093
3.14093
3.14093
3.14093
3.14093
3.14093
3.14093
3.14093
3.14094
3.14094
3.14094
3.14094
3.14094
3.14094
3.14094
3.14094
3.14094
3.14094
3.14094
3.14094
3.14094
3.14094
3.14094
3.14094
3.14094
3.14094
3.14094
3.14094
3.14095
3.14095
3.14095
3.14095
3.14095
3.14095
3.14095
3.14095
3.14095
3.14095
3.14095
3.14095
3.14095
3.14095
3.14095
3.14095
3.14095
3.14095
3.14095
3.14095
3.14095
3.14096
3.14096
3.14096
3.14096
3.14096
3.14096
3.14096
3.14096
3.14096
3.14096
3.14096
3.14096
3.14096
3.14096
3.14096
3.14096
3.14096
3.14096
3.14096
3.14096
3.14096
3.14097
3.14097
3.14097
3.14097
3.14097
3.14097
3.14097
3.14097
3.14097
3.14097
3.14097
3.14097
3.14097
3.14097
3.14097
3.14097
3.14097
3.14097
3.14097
3.14097
3.14097
3.14098
3.14098
3.14098
3.14098
3.14098
3.14098
3.14098
3.14098
3.14098
3.14098
3.14098
3.14098
3.14098
3.14098
3.14098
3.14098
3.14098
3.14098
3.14098
3.14098
3.14098
3.14099
3.14099
3.14099
3.14099
3.14099
3.14099
3.14099
3.14099
3.14099
3.14099
3.14099
3.14099
3.14099
3.14099
3.14099
3.14099
3.14099
3.14099
3.14099
3.14099
3.14099
3.141
3.141
3.141
3.141
3.141
3.141
3.141
3.141
3.141
3.141
3.141
3.141
3.141
3.141
3.141
3.141
3.141
3.141
3.141
3.141
3.141
3.14101
3.14101
3.14101
3.14101
3.14101
3.14101
3.14101
3.14101
3.14101
3.14101
3.14101
3.14101
3.14101
3.14101
3.14101
3.14101
3.14101
3.14101
3.14101
3.14101
3.14101
3.14102
3.14102
3.14102
3.14102
3.14102
3.14102
3.14102
3.14102
3.14102
3.14102
3.14102
3.14102
3.14102
3.14102
3.14102
3.14102
3.14102
3.14102
3.14102
3.14102
3.14102
3.14103
3.14103
3.14103
3.14103
3.14103
3.14103
3.14103
3.14103
3.14103
3.14103
3.14103
3.14103
3.14103
3.14103
3.14103
3.14103
3.14103
3.14103
3.14103
3.14103
3.14103
3.14104
3.14104
3.14104
3.14104
3.14104
3.14104
3.14104
3.14104
3.14104
3.14104
3.14104
3.14104
3.14104
3.14104
3.14104
3.14104
3.14104
3.14104
3.14104
3.14104
3.14104
3.14105
3.14105
3.14105
3.14105
3.14105
3.14105
3.14105
3.14105
3.14105
3.14105
3.14105
3.14105
3.14105
3.14105
3.14105
3.14105
3.14105
3.14105
3.14105
3.14105
3.14105
3.14106
3.14106
3.14106
3.14106
3.14106
3.14106
3.14106
3.14106
3.14106
3.14106
3.14106
3.14106
3.14106
3.14106
3.14106
3.14106
3.14106
3.14106
3.14106
3.14106
3.14106
3.14107
3.14107
3.14107
3.14107
3.14107
3.14107
3.14107
3.14107
3.14107
3.14107
3.14107
3.14107
3.14107
3.14107
3.14107
3.14107
3.14107
3.14107
3.14107
3.14107
3.14107
3.14108
3.14108
3.14108
3.14108
3.14108
3.14108
3.14108
3.14108
3.14108
3.14108
3.14108
3.14108
3.14108
3.14108
3.14108
3.14108
3.14108
3.14108
3.14108
3.14108
3.14108
3.14109
3.14109
3.14109
3.14109
3.14109
3.14109
3.14109
3.14109
3.14109
3.14109
3.14109
3.14109
3.14109
3.14109
3.14109
3.14109
3.14109
3.14109
3.14109
3.14109
3.14109
3.1411
3.1411
3.1411
3.1411
3.1411
3.1411
3.1411
3.1411
3.1411
3.1411
3.1411
3.1411
3.1411
3.1411
3.1411
3.1411
3.1411
3.1411
3.1411
3.1411
3.1411
3.14111
3.14111
3.14111
3.14111
3.14111
3.14111
3.14111
3.14111
3.14111
3.14111
3.14111
3.14111
3.14111
3.14111
3.14111
3.14111
3.14111
3.14111
3.14111
3.14111
3.14111
3.14112
3.14112
3.14112
3.14112
3.14112
3.14112
3.14112
3.14112
3.14112
3.14112
3.14112
3.14112
3.14112
3.14112
3.14112
3.14112
3.14112
3.14112
3.14112
3.14112
3.14112
3.14113
3.14113
3.14113
3.14113
3.14113
3.14113
3.14113
3.14113
3.14113
3.14113
3.14113
3.14113
3.14113
3.14113
3.14113
3.14113
3.14113
3.14113
3.14113
3.14113
3.14113
3.14114
3.14114
3.14114
3.14114
3.14114
3.14114
3.14114
3.14114
3.14114
3.14114
3.14114
3.14114
3.14114
3.14114
3.14114
3.14114
3.14114
3.14114
3.14114
3.14114
3.14114
3.14115
3.14115
3.14115
3.14115
3.14115
3.14115
3.14115
3.14115
3.14115
3.14115
3.14115
3.14115
3.14115
3.14115
3.14115
3.14115
3.14115
3.14115
3.14115
3.14115
3.14116
3.14116
3.14116
3.14116
3.14116
3.14116
3.14116
3.14116
3.14116
3.14116
3.14116
3.14116
3.14116
3.14116
3.14116
3.14116
3.14116
3.14116
3.14116
3.14116
3.14116
3.14117
3.14117
3.14117
3.14117
3.14117
3.14117
3.14117
3.14117
3.14117
3.14117
3.14117
3.14117
3.14117
3.14117
3.14117
3.14117
3.14117
3.14117
3.14117
3.14117
3.14117
3.14118
3.14118
3.14118
3.14118
3.14118
3.14118
3.14118
3.14118
3.14118
3.14118
3.14118
3.14118
3.14118
3.14118
3.14118
3.14118
3.14118
3.14118
3.14118
3.14118
3.14118
3.14119
3.14119
3.14119
3.14119
3.14119
3.14119
3.14119
3.14119
3.14119
3.14119
3.14119
3.14119
3.14119
3.14119
3.14119
3.14119
3.14119
3.14119
3.14119
3.14119
3.14119
3.1412
3.1412
3.1412
3.1412
3.1412
3.1412
3.1412
3.1412
3.1412
3.1412
3.1412
3.1412
3.1412
3.1412
3.1412
3.1412
3.1412
3.1412
3.1412
3.1412
3.1412
3.14121
3.14121
3.14121
3.14121
3.14121
3.14121
3.14121
3.14121
3.14121
3.14121
3.14121
3.14121
3.14121
3.14121
3.14121
3.14121
3.14121
3.14121
3.14121
3.14121
3.14121
3.14122
3.14122
3.14122
3.14122
3.14122
3.14122
3.14122
3.14122
3.14122
3.14122
3.14122
3.14122
3.14122
3.14122
3.14122
3.14122
3.14122
3.14122
3.14122
3.14122
3.14122
3.14123
3.14123
3.14123
3.14123
3.14123
3.14123
3.14123
3.14123
3.14123
3.14123
3.14123
3.14123
3.14123
3.14123
3.14123
3.14123
3.14123
3.14123
3.14123
3.14123
3.14123
3.14124
3.14124
3.14124
3.14124
3.14124
3.14124
3.14124
3.14124
3.14124
3.14124
3.14124
3.14124
3.14124
3.14124
3.14124
3.14124
3.14124
3.14124
3.14124
3.14124
3.14124
3.14125
3.14125
3.14125
3.14125
3.14125
3.14125
3.14125
3.14125
3.14125
3.14125
3.14125
3.14125
3.14125
3.14125
3.14125
3.14125
3.14125
3.14125
3.14125
3.14125
3.14125
3.14126
3.14126
3.14126
3.14126
3.14126
3.14126
3.14126
3.14126
3.14126
3.14126
3.14126
3.14126
3.14126
3.14126
3.14126
3.14126
3.14126
3.14126
3.14126
3.14126
3.14126
3.14127
3.14127
3.14127
3.14127
3.14127
3.14127
3.14127
3.14127
3.14127
3.14127
3.14127
3.14127
3.14127
3.14127
3.14127
3.14127
3.14127
3.14127
3.14127
3.14127
3.14127
3.14128
3.14128
3.14128
3.14128
3.14128
3.14128
3.14128
3.14128
3.14128
3.14128
3.14128
3.14128
3.14128
3.14128
3.14128
3.14128
3.14128
3.14128
3.14128
3.14128
3.14128
3.14129
3.14129
3.14129
3.14129
3.14129
3.14129
3.14129
3.14129
3.14129
3.14129
3.14129
3.14129
3.14129
3.14129
3.14129
3.14129
3.14129
3.14129
3.14129
3.14129
3.14129
3.1413
3.1413
3.1413
3.1413
3.1413
3.1413
3.1413
3.1413
3.1413
3.1413
3.1413
3.1413
3.1413
3.1413
3.1413
3.1413
3.1413
3.1413
3.1413
3.1413
3.1413
3.14131
3.14131
3.14131
3.14131
3.14131
3.14131
3.14131
3.14131
3.14131
3.14131
3.14131
3.14131
3.14131
3.14131
3.14131
3.14131
3.14131
3.14131
3.14131
3.14131
3.14131
3.14132
3.14132
3.14132
3.14132
3.14132
3.14132
3.14132
3.14132
3.14132
3.14132
3.14132
3.14132
3.14132
3.14132
3.14132
3.14132
3.14132
3.14132
3.14132
3.14132
3.14132
3.14133
3.14133
3.14133
3.14133
3.14133
3.14133
3.14133
3.14133
3.14133
3.14133
3.14133
3.14133
3.14133
3.14133
3.14133
3.14133
3.14133
3.14133
3.14133
3.14133
3.14133
3.14134
3.14134
3.14134
3.14134
3.14134
3.14134
3.14134
3.14134
3.14134
3.14134
3.14134
3.14134
3.14134
3.14134
3.14134
3.14134
3.14134
3.14134
3.14134
3.14134
3.14134
3.14135
3.14135
3.14135
3.14135
3.14135
3.14135
3.14135
3.14135
3.14135
3.14135
3.14135
3.14135
3.14135
3.14135
3.14135
3.14135
3.14135
3.14135
3.14135
3.14135
3.14135
3.14135
3.14135
3.14135
3.14135
3.14135
3.14135
3.14135
3.14135
3.14135
3.14135
3.14135
3.14135
3.14135
3.14135
3.14135
3.14135
3.14135
3.14135
3.14135
3.14135
3.14135
3.14135
3.14135
3.14135
3.14135
3.14135
3.14135
3.14135
3.14135
3.14135
3.14135
3.14135
3.14135
3.14135
3.14135
3.14135
3.14135
3.14135
3.14135
3.14135
3.14135
3.14135
3.14135
3.14135
3.14135
3.14135
3.14135
3.14135
3.14135
3.14135
3.14135
3.14135
3.14135
3.14135
3.14135
3.14135
3.14135
3.14135
3.14135
3.14135
3.14135
3.14135
3.14135
3.14135
3.14135
3.14135
3.14135
3.14135
3.14135
3.14135
3.14135
3.14135
3.14135
3.14135
3.14135
3.14135
3.14135
3.14135
3.14135
3.14135
3.14135
3.14135
3.14135
3.14135
3.14135
3.14135
3.14135
3.14135
3.14135
3.14135
3.14135
3.14135
3.14135
3.14135
3.14135
3.14135
3.14135
3.14135
3.14135
3.14135
3.14135
3.14135
3.14135
3.14135
3.14135
3.14135
3.14135
3.14135
3.14135
3.14135
3.14135
3.14135
3.14135
3.14135
3.14135
3.14135
3.14135
3.14135
3.14135
3.14135
3.14135
3.14135
3.14135
3.14135
3.14135
3.14135
3.14135
3.14135
3.14135
3.14135
3.14135
3.14135
3.14135
3.14135
3.14135
3.14135
3.14135
3.14135
3.14135
3.14135
3.14135
3.14135
3.14135
3.14135
3.14135
3.14135
3.14135
3.14135
3.14135
3.14135
3.14135
3.14135
3.14135
3.14135
3.14135
3.14135
3.14135
3.14135
3.14135
3.14135
3.14135
3.14135
3.14135
3.14135
3.14135
3.14135
3.14135
3.14135
3.14135
3.14135
3.14135
3.14135
3.14135
3.14135
3.14135
3.14135
3.14135
3.14135
3.14135
3.14135
3.14135
3.14135
3.14135
3.14135
3.14135
3.14135
3.14135
3.14135
3.14135
3.14135
3.14135
3.14135
3.14135
3.14135
3.14135
3.14135
3.14135
3.14135
3.14135
3.14135
3.14135
3.14135
3.14135
3.14135
3.14135
3.14135
3.14135
3.14135
3.14135
3.14135
3.14135
3.14135
3.14135
3.14135
3.14135
3.14135
3.14135
3.14135
3.14135
3.14135
3.14135
3.14135
3.14135
3.14135
3.14135
3.14135
3.14135
3.14135
3.14135
3.14135
3.14135
3.14135
3.14135
3.14135
3.14135
3.14135
3.14135
3.14135
3.14135
3.14135
3.14135
3.14135
3.14135
3.14135
3.14135
3.14135
3.14135
3.14135
3.14135
3.14135
3.14135
3.14135
3.14135
3.14135
3.14135
3.14135
3.14135
3.14135
3.14135
3.14135
3.14135
3.14135
3.14135
3.14135
3.14135
3.14135
3.14135
3.14135
3.14135
3.14135
3.14135
3.14135
3.14135
3.14135
3.14135
3.14135
3.14135
3.14135
3.14135
3.14135
3.14135
3.14135
3.14135
3.14135
3.14135
3.14135
3.14135
3.14135
3.14135
3.14135
3.14135
3.14135
3.14135
3.14135
3.14135
3.14135
3.14135
3.14135
3.14135
3.14135
3.14135
3.14135
3.14135
3.14135
3.14135
3.14135
3.14135
3.14135
3.14135
3.14135
3.14135
3.14135
3.14135
3.14135
3.14135
3.14135
3.14135
3.14135
3.14135
3.14135
3.14135
3.14135
3.14135
3.14135
3.14135
3.14135
3.14135
3.14135
3.14135
3.14135
3.14135
3.14135
3.14135
3.14135
3.14135
3.14135
3.14135
3.14135
3.14135
3.14135
3.14135
3.14135
3.14135
3.14135
3.14135
3.14135
3.14135
3.14135
3.14135
3.14135
3.14135
3.14135
3.14135
3.14135
3.14135
3.14135
3.14135
3.14135
3.14135
3.14135
3.14135
3.14135
3.14135
3.14135
3.14135
3.14135
3.14135
3.14135
3.14135
3.14135
3.14135
3.14135
3.14135
3.14135
3.14135
3.14135
3.14135
3.14135
3.14135
3.14135
3.14135
3.14135
3.14135
3.14135
3.14135
3.14135
3.14135
3.14135
3.14135
3.14135
3.14135
3.14135
3.14135
3.14135
3.14135
3.14135
3.14135
3.14135
3.14135
3.14135
3.14135
3.14135
3.14135
3.14135
3.14135
3.14135
3.14135
3.14135
3.14135
3.14135
3.14135
3.14135
3.14135
3.14135
3.14135
3.14135
3.14135
3.14135
3.14135
3.14135
3.14135
3.14135
3.14135
3.14135
3.14135
3.14135
3.14135
3.14135
3.14135
3.14135
3.14135
3.14135
3.14135
3.14135
3.14135
3.14135
3.14135
3.14135
3.14135
3.14135
3.14135
3.14135
3.14135
3.14135
3.14135
3.14135
3.14135
3.14135
3.14135
3.14135
3.14135
3.14135
3.14135
3.14135
3.14135
3.14135
3.14135
3.14135
3.14135
3.14135
3.14135
3.14135
3.14135
3.14135
3.14135
3.14135
3.14135
3.14135
3.14135
3.14135
3.14135
3.14135
3.14135
3.14135
3.14135
3.14135
3.14135
3.14135
3.14135
3.14135
3.14135
3.14135
3.14135
3.14135
3.14135
3.14135
3.14135
3.14135
3.14135
3.14135
3.14135
3.14135
3.14135
3.14135
3.14135
3.14135
3.14135
3.14135
3.14135
3.14135
3.14135
3.14135
3.14135
3.14135
3.14135
3.14135
3.14135
3.14135
3.14135
3.14135
3.14135
3.14135
3.14135
3.14135
3.14135
3.14135
3.14135
3.14135
3.14135
3.14135
3.14135
3.14135
3.14135
3.14135
3.14135
3.14135
3.14135
3.14135
3.14135
3.14135
3.14135
3.14135
3.14135
3.14135
3.14135
3.14135
3.14135
3.14135
3.14135
3.14135
3.14135
3.14135
3.14135
3.14135
3.14135
3.14135
3.14135
3.14135
3.14135
3.14135
3.14135
3.14135
3.14135
3.14135
3.14135
3.14135
3.14135
3.14135
3.14135
3.14135
3.14135
3.14135
3.14135
3.14135
3.14135
3.14135
3.14135
3.14135
3.14135
3.14135
3.14135
3.14135
3.14135
3.14135
3.14135
3.14135
3.14135
3.14135
3.14135
3.14135
3.14135
3.14135
3.14135
3.14135
3.14135
3.14135
3.14135
3.14135
3.14135
3.14135
3.14135
3.14135
3.14135
3.14135
3.14135
3.14135
3.14135
3.14135
3.14135
3.14135
3.14135
3.14135
3.14135
3.14135
3.14135
3.14135
3.14135
3.14135
3.14135
3.14135
3.14135
3.14135
3.14135
3.14135
3.14135
3.14135
3.14135
3.14135
3.14135
3.14135
3.14135
3.14135
3.14135
3.14135
3.14135
3.14135
3.14135
3.14135
3.14135
3.14135
3.14135
3.14135
3.14135
3.14135
3.14135
3.14135
3.14135
3.14135
3.14135
3.14135
3.14135
3.14135
3.14135
3.14135
3.14135
3.14135
3.14135
3.14135
3.14135
3.14135
3.14135
3.14135
3.14135
3.14135
3.14135
3.14135
3.14135
3.14135
3.14135
3.14135
3.14135
3.14135
3.14135
3.14135
3.14135
3.14135
3.14135
3.14135
3.14135
3.14135
3.14135
3.14135
3.14135
3.14135
3.14135
3.14135
3.14135
3.14135
3.14135
3.14135
3.14135
3.14135
3.14135
3.14135
3.14135
3.14135
3.14135
3.14135
3.14135
3.14135
3.14135
3.14135
3.14135
3.14135
3.14135
3.14135
3.14135
3.14135
3.14135
3.14135
3.14135
3.14135
3.14135
3.14135
3.14135
3.14135
3.14135
3.14135
3.14135
3.14135
3.14135
3.14135
3.14135
3.14135
3.14135
3.14135
3.14135
3.14135
3.14135
3.14135
3.14135
3.14135
3.14135
3.14135
3.14135
3.14135
3.14135
3.14135
3.14135
3.14135
3.14135
3.14135
3.14135
3.14135
3.14135
3.14135
3.14135
3.14135
3.14135
3.14135
3.14135
3.14135
3.14135
3.14135
3.14135
3.14135
3.14135
3.14135
3.14135
3.14135
3.14135
3.14135
3.14135
3.14135
3.14135
3.14135
3.14135
3.14135
3.14135
3.14135
3.14135
3.14135
3.14135
3.14135
3.14135
3.14135
3.14135
3.14135
3.14135
3.14135
3.14135
3.14135
3.14135
3.14135
3.14135
3.14135
3.14135
3.14135
3.14135
3.14135
3.14135
3.14135
3.14135
3.14135
3.14135
3.14135
3.14135
3.14135
3.14135
3.14135
3.14135
3.14135
3.14135
3.14135
3.14135
3.14135
3.14135
3.14135
3.14135
3.14135
3.14135
3.14135
3.14135
3.14135
3.14135
3.14135
3.14135
3.14135
3.14135
3.14135
3.14135
3.14135
3.14135
3.14135
3.14135
3.14135
3.14135
3.14135
3.14135
3.14135
3.14135
3.14135
3.14135
3.14135
3.14135
3.14135
3.14135
3.14135
3.14135
3.14135
3.14135
3.14135
3.14135
3.14135
3.14135
3.14135
3.14135
3.14135
3.14135
3.14135
3.14135
3.14135
3.14135
3.14135
3.14135
3.14135
3.14135
3.14135
3.14135
3.14135
3.14135
3.14135
3.14135
3.14135
3.14135
3.14135
3.14135
3.14135
3.14135
3.14135
3.14135
3.14135
3.14135
3.14135
3.14135
3.14135
3.14135
3.14135
3.14135
3.14135
3.14135
3.14135
3.14135
3.14135
3.14135
3.14135
3.14135
3.14135
3.14135
3.14135
3.14135
3.14135
3.14135
3.14135
3.14135
3.14135
3.14135
3.14135
3.14135
3.14135
3.14135
3.14135
3.14135
3.14135
3.14135
3.14135
3.14135
3.14135
3.14135
3.14135
3.14135
3.14135
3.14135
3.14135
3.14135
3.14135
3.14135
3.14135
3.14135
3.14135
3.14135
3.14135
3.14135
3.14135
3.14135
3.14135
3.14135
3.14135
3.14135
3.14135
3.14135
3.14135
3.14135
3.14135
3.14135
3.14135
3.14135
3.14135
3.14135
3.14135
3.14135
3.14135
3.14135
3.14135
3.14135
3.14135
3.14135
3.14135
3.14135
3.14135
3.14135
3.14135
3.14135
3.14135
3.14135
3.14135
3.14135
3.14135
3.14135
3.14135
3.14135
3.14135
3.14135
3.14135
3.14135
3.14135
3.14135
3.14135
3.14135
3.14135
3.14135
3.14135
3.14135
3.14135
3.14135
3.14135
3.14135
3.14135
3.14135
3.14135
3.14135
3.14135
3.14135
3.14135
3.14135
3.14135
3.14135
3.14135
3.14135
3.14135
3.14135
3.14135
3.14135
3.14135
3.14135
3.14135
3.14135
3.14135
3.14135
3.14135
3.14135
3.14135
3.14135
3.14135
3.14135
3.14135
3.14135
3.14135
3.14135
3.14135
3.14135
3.14135
3.14135
3.14135
3.14135
3.14135
3.14135
3.14135
3.14135
3.14135
3.14135
3.14135
3.14135
3.14135
3.14135
3.14135
3.14135
3.14135
3.14135
3.14135
3.14135
3.14135
3.14135
3.14135
3.14135
3.14135
3.14135
3.14135
3.14135
3.14135
3.14135
3.14135
3.14135
3.14135
3.14135
3.14135
3.14135
3.14135
3.14135
3.14135
3.14135
3.14135
3.14135
3.14135
3.14135
3.14135
3.14135
3.14135
3.14135
3.14135
3.14135
3.14135
3.14135
3.14135
3.14135
3.14135
3.14135
3.14135
3.14135
3.14135
3.14135
3.14135
3.14135
3.14135
3.14135
3.14135
3.14135
3.14135
3.14135
3.14135
3.14135
3.14135
3.14135
3.14135
3.14135
3.14135
3.14135
3.14135
3.14135
3.14135
3.14135
3.14135
3.14135
3.14135
3.14135
3.14135
3.14135
3.14135
3.14135
3.14135
3.14135
3.14135
3.14135
3.14135
3.14135
3.14135
3.14135
3.14135
3.14135
3.14135
3.14135
3.14135
3.14135
3.14135
3.14135
3.14135
3.14135
3.14135
3.14135
3.14135
3.14135
3.14135
3.14135
3.14135
3.14135
3.14135
3.14135
3.14135
3.14135
3.14135
3.14135
3.14135
3.14135
3.14135
3.14135
3.14135
3.14135
3.14135
3.14135
3.14135
3.14135
3.14135
3.14135
3.14135
3.14135
3.14135
3.14135
3.14135
3.14135
3.14135
3.14135
3.14135
3.14135
3.14135
3.14135
3.14135
3.14135
3.14135
3.14135
3.14135
3.14135
3.14135
3.14135
3.14135
3.14135
3.14135
3.14135
3.14135
3.14135
3.14135
3.14135
3.14135
3.14135
3.14135
3.14135
3.14135
3.14135
3.14135
3.14135
3.14135
3.14135
3.14135
3.14135
3.14135
3.14135
3.14135
3.14135
3.14135
3.14135
3.14135
3.14135
3.14135
3.14135
3.14135
3.14135
3.14135
3.14135
3.14135
3.14135
3.14135
3.14135
3.14135
3.14135
3.14135
3.14135
3.14135
3.14135
3.14135
3.14135
3.14135
3.14135
3.14135
3.14135
3.14135
3.14135
3.14135
3.14135
3.14135
3.14135
3.14135
3.14135
3.14135
3.14135
3.14135
3.14135
3.14135
3.14135
3.14135
3.14135
3.14135
3.14135
3.14135
3.14135
3.14135
3.14135
3.14135
3.14135
3.14135
3.14135
3.14135
3.14135
3.14135
3.14135
3.14135
3.14135
3.14135
3.14135
3.14135
3.14135
3.14135
3.14135
3.14135
3.14135
3.14135
3.14135
3.14135
3.14135
3.14135
3.14135
3.14135
3.14135
3.14135
3.14135
3.14135
3.14135
3.14135
3.14135
3.14135
3.14135
3.14135
3.14135
3.14135
3.14135
3.14135
3.14135
3.14135
3.14135
3.14135
3.14135
3.14135
3.14135
3.14135
3.14135
3.14135
3.14135
3.14135
3.14135
3.14135
3.14135
3.14135
3.14135
3.14135
3.14135
3.14135
3.14135
3.14135
3.14135
3.14135
3.14135
3.14135
3.14135
3.14135
3.14135
3.14135
3.14135
3.14135
3.14135
3.14135
3.14135
3.14135
3.14135
3.14135
3.14135
3.14135
3.14135
3.14135
3.14135
3.14135
3.14135
3.14135
3.14135
3.14135
3.14135
3.14135
3.14135
3.14135
3.14135
3.14135
3.14135
3.14135
3.14135
3.14135
3.14135
3.14135
3.14135
3.14135
3.14135
3.14135
3.14135
3.14135
3.14135
3.14135
3.14135
3.14135
3.14135
3.14135
3.14135
3.14135
3.14135
3.14135
3.14135
3.14135
3.14135
3.14135
3.14135
3.14135
3.14135
3.14135
3.14135
3.14135
3.14135
3.14135
3.14135
3.14135
3.14135
3.14135
3.14135
3.14135
3.14135
3.14135
3.14135
3.14135
3.14135
3.14135
3.14135
3.14135
3.14135
3.14135
3.14135
3.14135
3.14135
3.14135
3.14135
3.14135
3.14135
3.14135
3.14135
3.14135
3.14135
3.14135
3.14135
3.14135
3.14135
3.14135
3.14135
3.14135
3.14135
3.14135
3.14135
3.14135
3.14135
3.14135
3.14135
3.14135
3.14135
3.14135
3.14135
3.14135
3.14135
3.14135
3.14135
3.14135
3.14135
3.14135
3.14135
3.14135
3.14135
3.14135
3.14135
3.14135
3.14135
3.14135
3.14135
3.14135
3.14135
3.14135
3.14135
3.14135
3.14135
3.14135
3.14135
3.14135
3.14135
3.14135
3.14135
3.14135
3.14135
3.14135
3.14135
3.14135
3.14135
3.14135
3.14135
3.14135
3.14135
3.14135
3.14135
3.14135
3.14135
3.14135
3.14135
3.14135
3.14135
3.14135
3.14135
3.14135
3.14135
3.14135
3.14135
3.14135
3.14135
3.14135
3.14135
3.14135
3.14135
3.14135
3.14135
3.14135
3.14135
3.14135
3.14135
3.14135
3.14135
3.14135
3.14135
3.14135
3.14135
3.14135
3.14135
3.14135
3.14135
3.14135
3.14135
3.14135
3.14135
3.14135
3.14135
3.14135
3.14135
3.14135
3.14135
3.14135
3.14135
3.14135
3.14135
3.14135
3.14135
3.14135
3.14135
3.14135
3.14135
3.14135
3.14135
3.14135
3.14135
3.14135
3.14135
3.14135
3.14135
3.14135
3.14135
3.14135
3.14135
3.14135
3.14135
3.14135
3.14135
3.14135
3.14135
3.14135
3.14135
3.14135
3.14135
3.14135
3.14135
3.14135
3.14135
3.14135
3.14135
3.14135
3.14135
3.14135
3.14135
3.14135
3.14135
3.14135
3.14135
3.14135
3.14135
3.14135
3.14135
3.14135
3.14135
3.14135
3.14135
3.14135
3.14135
3.14135
3.14135
3.14135
3.14135
3.14135
3.14135
3.14135
3.14135
3.14135
3.14135
3.14135
3.14135
3.14135
3.14135
3.14135
3.14135
3.14135
3.14135
3.14135
3.14135
3.14135
3.14135
3.14135
3.14135
3.14135
3.14135
3.14135
3.14135
3.14135
3.14135
3.14135
3.14135
3.14135
3.14135
3.14135
3.14135
3.14135
3.14135
3.14135
3.14135
3.14135
3.14135
3.14135
3.14135
3.14135
3.14135
3.14135
3.14135
3.14135
3.14135
3.14135
3.14135
3.14135
3.14135
3.14135
3.14135
3.14135
3.14135
3.14135
3.14135
3.14135
3.14135
3.14135
3.14135
3.14135
3.14135
3.14135
3.14135
3.14135
3.14135
3.14135
3.14135
3.14135
3.14135
3.14135
3.14135
3.14135
3.14135
3.14135
3.14135
3.14135
3.14135
3.14135
3.14135
3.14135
3.14135
3.14135
3.14135
3.14135
3.14135
3.14135
3.14135
3.14135
3.14135
3.14135
3.14135
3.14135
3.14135
3.14135
3.14135
3.14135
3.14135
3.14135
3.14135
3.14135
3.14135
3.14135
3.14135
3.14135
3.14135
3.14135
3.14135
3.14135
3.14135
3.14135
3.14135
3.14135
3.14135
3.14135
3.14135
3.14135
3.14135
3.14135
3.14135
3.14135
3.14135
3.14135
3.14135
3.14135
3.14135
3.14135
3.14135
3.14135
3.14135
3.14135
3.14135
3.14135
3.14135
3.14135
3.14135
3.14135
3.14135
3.14135
3.14135
3.14135
3.14135
3.14135
3.14135
3.14135
3.14135
3.14135
3.14135
3.14135
3.14135
3.14135
3.14135
3.14135
3.14135
3.14135
3.14135
3.14135
3.14135
3.14135
3.14135
3.14135
3.14135
3.14135
3.14135
3.14135
3.14135
3.14135
3.14135
3.14135
3.14135
3.14135
3.14135
3.14135
3.14135
3.14135
3.14135
3.14135
3.14135
3.14135
3.14135
3.14135
3.14135
3.14135
3.14135
3.14135
3.14135
3.14135
3.14135
3.14135
3.14135
3.14135
3.14135
3.14135
3.14135
3.14135
3.14135
3.14135
3.14135
3.14135
3.14135
3.14135
3.14135
3.14135
3.14135
3.14135
3.14135
3.14135
3.14135
3.14135
3.14135
3.14135
3.14135
3.14135
3.14135
3.14135
3.14135
3.14135
3.14135
3.14135
3.14135
3.14135
3.14135
3.14135
3.14135
3.14135
3.14135
3.14135
3.14135
3.14135
3.14135
3.14135
3.14135
3.14135
3.14135
3.14135
3.14135
3.14135
3.14135
3.14135
3.14135
3.14135
3.14135
3.14135
3.14135
3.14135
3.14135
3.14135
3.14135
3.14135
3.14135
3.14135
3.14135
3.14135
3.14135
3.14135
3.14135
3.14135
3.14135
3.14135
3.14135
3.14135
3.14135
3.14135
3.14135
3.14135
3.14135
3.14135
3.14135
3.14135
3.14135
3.14135
3.14135
3.14135
3.14135
3.14135
3.14135
3.14135
3.14135
3.14135
3.14135
3.14135
3.14135
3.14135
3.14135
3.14135
3.14135
3.14135
3.14135
3.14135
3.14135
3.14135
3.14135
3.14135
3.14135
3.14135
3.14135
3.14135
3.14135
3.14135
3.14135
3.14135
3.14135
3.14135
3.14135
3.14135
3.14135
3.14135
3.14135
3.14135
3.14135
3.14135
3.14135
3.14135
3.14135
3.14135
3.14135
3.14135
3.14135
3.14135
3.14135
3.14135
3.14135
3.14135
3.14135
3.14135
3.14135
3.14135
3.14135
3.14135
3.14135
3.14135
3.14135
3.14135
3.14135
3.14135
3.14135
3.14135
3.14135
3.14135
3.14135
3.14135
3.14135
3.14135
3.14135
3.14135
3.14135
3.14135
3.14135
3.14135
3.14135
3.14135
3.14135
3.14135
3.14135
3.14135
3.14135
3.14135
3.14135
3.14135
3.14135
3.14135
3.14135
3.14135
3.14135
3.14135
3.14135
3.14135
3.14135
3.14135
3.14135
3.14135
3.14135
3.14135
3.14135
3.14135
3.14135
3.14135
3.14135
3.14135
3.14135
3.14135
3.14135
3.14135
3.14135
3.14135
3.14135
3.14135
3.14135
3.14135
3.14135
3.14135
3.14135
3.14135
3.14135
3.14135
3.14135
3.14135
3.14135
3.14135
3.14135
3.14135
3.14135
3.14135
3.14135
3.14135
3.14135
3.14135
3.14135
3.14135
3.14135
3.14135
3.14135
3.14135
3.14135
3.14135
3.14135
3.14135
3.14135
3.14135
3.14135
3.14135
3.14135
3.14135
3.14135
3.14135
3.14135
3.14135
3.14135
3.14135
3.14135
3.14135
3.14135
3.14135
3.14135
3.14135
3.14135
3.14135
3.14135
3.14135
3.14135
3.14135
3.14135
3.14135
3.14135
3.14135
3.14135
3.14135
3.14135
3.14135
3.14135
3.14135
3.14135
3.14135
3.14135
3.14135
3.14135
3.14135
3.14135
3.14135
3.14135
3.14135
3.14135
3.14135
3.14135
3.14135
3.14135
3.14135
3.14135
3.14135
3.14135
3.14135
3.14135
3.14135
3.14135
3.14135
3.14135
3.14135
3.14135
3.14135
3.14135
3.14135
3.14135
3.14135
3.14135
3.14135
3.14135
3.14135
3.14135
3.14135
3.14135
3.14135
3.14135
3.14135
3.14135
3.14135
3.14135
3.14135
3.14135
3.14135
3.14135
3.14135
3.14135
3.14135
3.14135
3.14135
3.14135
3.14135
3.14135
3.14135
3.14135
3.14135
3.14135
3.14135
3.14135
3.14135
3.14135
3.14135
3.14135
3.14135
3.14135
3.14135
3.14135
3.14135
3.14135
3.14135
3.14135
3.14135
3.14135
3.14135
3.14135
3.14135
3.14135
3.14135
3.14135
3.14135
3.14135
3.14135
3.14135
3.14135
3.14135
3.14135
3.14135
3.14135
3.14135
3.14135
3.14135
3.14135
3.14135
3.14135
3.14135
3.14135
3.14135
3.14135
3.14135
3.14135
3.14135
3.14135
3.14135
3.14135
3.14135
3.14135
3.14135
3.14135
3.14135
3.14135
3.14135
3.14135
3.14135
3.14135
3.14135
3.14135
3.14135
3.14135
3.14135
3.14135
3.14135
3.14135
3.14135
3.14135
3.14135
3.14135
3.14135
3.14135
3.14135
3.14135
3.14135
3.14135
3.14135
3.14135
3.14135
3.14135
3.14135
3.14135
3.14135
3.14135
3.14135
3.14135
3.14135
3.14135
3.14135
3.14135
3.14135
3.14135
3.14135
3.14135
3.14135
3.14135
3.14135
3.14135
3.14135
3.14135
3.14135
3.14135
3.14135
3.14135
3.14135
3.14135
3.14135
3.14135
3.14135
3.14135
3.14135
3.14135
3.14135
3.14135
3.14135
3.14135
3.14135
3.14135
3.14135
3.14135
3.14135
3.14135
3.14135
3.14135
3.14135
3.14135
3.14135
3.14135
3.14135
3.14135
3.14135
3.14135
3.14135
3.14135
3.14135
3.14135
3.14135
3.14135
3.14135
3.14135
3.14135
3.14135
3.14135
3.14135
3.14135
3.14135
3.14135
3.14135
3.14135
3.14135
3.14135
3.14135
3.14135
3.14135
3.14135
3.14135
3.14135
3.14135
3.14135
3.14135
3.14135
3.14135
3.14135
3.14135
3.14135
3.14135
3.14135
3.14135
3.14135
3.14135
3.14135
3.14135
3.14135
3.14135
3.14135
3.14135
3.14135
3.14135
3.14135
3.14135
3.14135
3.14135
3.14135
3.14135
3.14135
3.14135
3.14135
3.14135
3.14135
3.14135
3.14135
3.14135
3.14135
3.14135
3.14135
3.14135
3.14135
3.14135
3.14135
3.14135
3.14135
3.14135
3.14135
3.14135
3.14135
3.14135
3.14135
3.14135
3.14135
3.14135
3.14135
3.14135
3.14135
3.14135
3.14135
3.14135
3.14135
3.14135
3.14135
3.14135
3.14135
3.14135
3.14135
3.14135
3.14135
3.14135
3.14135
3.14135
3.14135
3.14135
3.14135
3.14135
3.14135
3.14135
3.14135
3.14135
3.14135
3.14135
3.14135
3.14135
3.14135
3.14135
3.14135
3.14135
3.14135
3.14135
3.14135
3.14135
3.14135
3.14135
3.14135
3.14135
3.14135
3.14135
3.14135
3.14135
3.14135
3.14135
3.14135
3.14135
3.14135
3.14135
3.14135
3.14135
3.14135
3.14135
3.14135
3.14135
3.14135
3.14135
3.14135
3.14135
3.14135
3.14135
3.14135
3.14135
3.14135
3.14135
3.14135
3.14135
3.14135
3.14135
3.14135
3.14135
3.14135
3.14135
3.14135
3.14135
3.14135
3.14135
3.14135
3.14135
3.14135
3.14135
3.14135
3.14135
3.14135
3.14135
3.14135
3.14135
3.14135
3.14135
3.14135
3.14135
3.14135
3.14135
3.14135
3.14135
3.14135
3.14135
3.14135
3.14135
3.14135
3.14135
3.14135
3.14135
3.14135
3.14135
3.14135
3.14135
3.14135
3.14135
3.14135
3.14135
3.14135
3.14135
3.14135
3.14135
3.14135
3.14135
3.14135
3.14135
3.14135
3.14135
3.14135
3.14135
3.14135
3.14135
3.14135
3.14135
3.14135
3.14135
3.14135
3.14135
3.14135
3.14135
3.14135
3.14135
3.14135
3.14135
3.14135
3.14135
3.14135
3.14135
3.14135
3.14135
3.14135
3.14135
3.14135
3.14135
3.14135
3.14135
3.14135
3.14135
3.14135
3.14135
3.14135
3.14135
3.14135
3.14135
3.14135
3.14135
3.14135
3.14135
3.14135
3.14135
3.14135
3.14135
3.14135
3.14135
3.14135
3.14135
3.14135
3.14135
3.14135
3.14135
3.14135
3.14135
3.14135
3.14135
3.14135
3.14135
3.14135
3.14135
3.14135
3.14135
3.14135
3.14135
3.14135
3.14135
3.14135
3.14135
3.14135
3.14135
3.14135
3.14135
3.14135
3.14135
3.14135
3.14135
3.14135
3.14135
3.14135
3.14135
3.14135
3.14135
3.14135
3.14135
3.14135
3.14135
3.14135
3.14135
3.14135
3.14135
3.14135
3.14135
3.14135
3.14135
3.14135
3.14135
3.14135
3.14135
3.14135
3.14135
3.14135
3.14135
3.14135
3.14135
3.14135
3.14135
3.14135
3.14135
3.14135
3.14135
3.14135
3.14135
3.14135
3.14135
3.14135
3.14135
3.14135
3.14135
3.14135
3.14135
3.14135
3.14135
3.14135
3.14135
3.14135
3.14135
3.14135
3.14135
3.14135
3.14135
3.14135
3.14135
3.14135
3.14135
3.14135
3.14135
3.14135
3.14135
3.14135
3.14135
3.14135
3.14135
3.14135
3.14135
3.14135
3.14135
3.14135
3.14135
3.14135
3.14135
3.14135
3.14135
3.14135
3.14135
3.14135
3.14135
3.14135
3.14135
3.14135
3.14135
3.14135
3.14135
3.14135
3.14135
3.14135
3.14135
3.14135
3.14135
3.14135
3.14135
3.14135
3.14135
3.14135
3.14135
3.14135
3.14135
3.14135
3.14135
3.14135
3.14135
3.14135
3.14135
3.14135
3.14135
3.14135
3.14135
3.14135
3.14135
3.14135
3.14135
3.14135
3.14135
3.14135
3.14135
3.14135
3.14135
3.14135
3.14135
3.14135
3.14135
3.14135
3.14135
3.14135
3.14135
3.14135
3.14135
3.14135
3.14135
3.14135
3.14135
3.14135
3.14135
3.14135
3.14135
3.14135
3.14135
3.14135
3.14135
3.14135
3.14135
3.14135
3.14135
3.14135
3.14135
3.14135
3.14135
3.14135
3.14135
3.14135
3.14135
3.14135
3.14135
3.14135
3.14135
3.14135
3.14135
3.14135
3.14135
3.14135
3.14135
3.14135
3.14135
3.14135
3.14135
3.14135
3.14135
3.14135
3.14135
3.14135
3.14135
3.14135
3.14135
3.14135
3.14135
3.14135
3.14135
3.14135
3.14135
3.14135
3.14135
3.14135
3.14135
3.14135
3.14135
3.14135
3.14135
3.14135
3.14135
3.14135
3.14135
3.14135
3.14135
3.14135
3.14135
3.14135
3.14135
3.14135
3.14135
3.14135
3.14135
3.14135
3.14135
3.14135
3.14135
3.14135
3.14135
3.14135
3.14135
3.14135
3.14135
3.14135
3.14135
3.14135
3.14135
3.14135
3.14135
3.14135
3.14135
3.14135
3.14135
3.14135
3.14135
3.14135
3.14135
3.14135
3.14135
3.14135
3.14135
3.14135
3.14135
3.14135
3.14135
3.14135
3.14135
3.14135
3.14135
3.14135
3.14135
3.14135
3.14135
3.14135
3.14135
3.14135
3.14135
3.14135
3.14135
3.14135
3.14135
3.14135
3.14135
3.14135
3.14135
3.14135
3.14135
3.14135
3.14135
3.14135
3.14135
3.14135
3.14135
3.14135
3.14135
3.14135
3.14135
3.14135
3.14135
3.14135
3.14135
3.14135
3.14135
3.14135
3.14135
3.14135
3.14135
3.14135
3.14135
3.14135
3.14135
3.14135
3.14135
3.14135
3.14135
3.14135
3.14135
3.14135
3.14135
3.14135
3.14135
3.14135
3.14135
3.14135
3.14135
3.14135
3.14135
3.14135
3.14135
3.14135
3.14135
3.14135
3.14135
3.14135
3.14135
3.14135
3.14135
3.14135
3.14135
3.14135
3.14135
3.14135
3.14135
3.14135
3.14135
3.14135
3.14135
3.14135
3.14135
3.14135
3.14135
3.14135
3.14135
3.14135
3.14135
3.14135
3.14135
3.14135
3.14135
3.14135
3.14135
3.14135
3.14135
3.14135
3.14135
3.14135
3.14135
3.14135
3.14135
3.14135
3.14135
3.14135
3.14135
3.14135
3.14135
3.14135
3.14135
3.14135
3.14135
3.14135
3.14135
3.14135
3.14135
3.14135
3.14135
3.14135
3.14135
3.14135
3.14135
3.14135
3.14135
3.14135
3.14135
3.14135
3.14135
3.14135
3.14135
3.14135
3.14135
3.14135
3.14135
3.14135
3.14135
3.14135
3.14135
3.14135
3.14135
3.14135
3.14135
3.14135
3.14135
3.14135
3.14135
3.14135
3.14135
3.14135
3.14135
3.14135
3.14135
3.14135
3.14135
3.14135
3.14135
3.14135
3.14135
3.14135
3.14135
3.14135
3.14135
3.14135
3.14135
3.14135
3.14135
3.14135
3.14135
3.14135
3.14135
3.14135
3.14135
3.14135
3.14135
3.14135
3.14135
3.14135
3.14135
3.14135
3.14135
3.14135
3.14135
3.14135
3.14135
3.14135
3.14135
3.14135
3.14135
3.14135
3.14135
3.14135
3.14135
3.14135
3.14135
3.14135
3.14135
3.14135
3.14135
3.14135
3.14135
3.14135
3.14135
3.14135
3.14135
3.14135
3.14135
3.14135
3.14135
3.14135
3.14135
3.14135
3.14135
3.14135
3.14135
3.14135
3.14135
3.14135
3.14135
3.14135
3.14135
3.14135
3.14135
3.14135
3.14135
3.14135
3.14135
3.14135
3.14135
3.14135
3.14135
3.14135
3.14135
3.14135
3.14135
3.14135
3.14135
3.14135
3.14135
3.14135
3.14135
3.14135
3.14135
3.14135
3.14135
3.14135
3.14135
3.14135
3.14135
3.14135
3.14135
3.14135
3.14135
3.14135
3.14135
3.14135
3.14135
3.14135
3.14135
3.14135
3.14135
3.14135
3.14135
3.14135
3.14135
3.14135
3.14135
3.14135
3.14135
3.14135
3.14135
3.14135
3.14135
3.14135
3.14135
3.14135
3.14135
3.14135
3.14135
3.14135
3.14135
3.14135
3.14135
3.14135
3.14135
3.14135
3.14135
3.14135
3.14135
3.14135
3.14135
3.14135
3.14135
3.14135
3.14135
3.14135
3.14135
3.14135
3.14135
3.14135
3.14135
3.14135
3.14135
3.14135
3.14135
3.14135
3.14135
3.14135
3.14135
3.14135
3.14135
3.14135
3.14135
3.14135
3.14135
3.14135
3.14135
3.14135
3.14135
3.14135
3.14135
3.14135
3.14135
3.14135
3.14135
3.14135
3.14135
3.14135
3.14135
3.14135
3.14135
3.14135
3.14135
3.14135
3.14135
3.14135
3.14135
3.14135
3.14135
3.14135
3.14135
3.14135
3.14135
3.14135
3.14135
3.14135
3.14135
3.14135
3.14135
3.14135
3.14135
3.14135
3.14135
3.14135
3.14135
3.14135
3.14135
3.14135
3.14135
3.14135
3.14135
3.14135
3.14135
3.14135
3.14135
3.14135
3.14135
3.14135
3.14135
3.14135
3.14135
3.14135
3.14135
3.14135
3.14135
3.14135
3.14135
3.14135
3.14135
3.14135
3.14135
3.14135
3.14135
3.14135
3.14135
3.14135
3.14135
3.14135
3.14135
3.14135
3.14135
3.14135
3.14135
3.14135
3.14135
3.14135
3.14135
3.14135
3.14135
3.14135
3.14135
3.14135
3.14135
3.14135
3.14135
3.14135
3.14135
3.14135
3.14135
3.14135
3.14135
3.14135
3.14135
3.14135
3.14135
3.14135
3.14135
3.14135
3.14135
3.14135
3.14135
3.14135
3.14135
3.14135
3.14135
3.14135
3.14135
3.14135
3.14135
3.14135
3.14135
3.14135
3.14135
3.14135
3.14135
3.14135
3.14135
3.14135
3.14135
3.14135
3.14135
3.14135
3.14135
3.14135
3.14135
3.14135
3.14135
3.14135
3.14135
3.14135
3.14135
3.14135
3.14135
3.14135
3.14135
3.14135
3.14135
3.14135
3.14135
3.14135
3.14135
3.14135
3.14135
3.14135
3.14135
3.14135
3.14135
3.14135
3.14135
3.14135
3.14135
3.14135
3.14135
3.14135
3.14135
3.14135
3.14135
3.14135
3.14135
3.14135
3.14135
3.14135
3.14135
3.14135
3.14135
3.14135
3.14135
3.14135
3.14135
3.14135
3.14135
3.14135
3.14135
3.14135
3.14135
3.14135
3.14135
3.14135
3.14135
3.14135
3.14135
3.14135
3.14135
3.14135
3.14135
3.14135
3.14135
3.14135
3.14135
3.14135
3.14135
3.14135
3.14135
3.14135
3.14135
3.14135
3.14135
3.14135
3.14135
3.14135
3.14135
3.14135
3.14135
3.14135
3.14135
3.14135
3.14135
3.14135
3.14135
3.14135
3.14135
3.14135
3.14135
3.14135
3.14135
3.14135
3.14135
3.14135
3.14135
3.14135
3.14135
3.14135
3.14135
3.14135
3.14135
3.14135
3.14135
3.14135
3.14135
3.14135
3.14135
3.14135
3.14135
3.14135
3.14135
3.14135
3.14135
3.14135
3.14135
3.14135
3.14135
3.14135
3.14135
3.14135
3.14135
3.14135
3.14135
3.14135
3.14135
3.14135
3.14135
3.14135
3.14135
3.14135
3.14135
3.14135
3.14135
3.14135
3.14135
3.14135
3.14135
3.14135
3.14135
3.14135
3.14135
3.14135
3.14135
3.14135
3.14135
3.14135
3.14135
3.14135
3.14135
3.14135
3.14135
3.14135
3.14135
3.14135
3.14135
3.14135
3.14135
3.14135
3.14135
3.14135
3.14135
3.14135
3.14135
3.14135
3.14135
3.14135
3.14135
3.14135
3.14135
3.14135
3.14135
3.14135
3.14135
3.14135
3.14135
3.14135
3.14135
3.14135
3.14135
3.14135
3.14135
3.14135
3.14135
3.14135
3.14135
3.14135
3.14135
3.14135
3.14135
3.14135
3.14135
3.14135
3.14135
3.14135
3.14135
3.14135
3.14135
3.14135
3.14135
3.14135
3.14135
3.14135
3.14135
3.14135
3.14135
3.14135
3.14135
3.14135
3.14135
3.14135
3.14135
3.14135
3.14135
3.14135
3.14135
3.14135
3.14135
3.14135
3.14135
3.14135
3.14135
3.14135
3.14135
3.14135
3.14135
3.14135
3.14135
3.14135
3.14135
3.14135
3.14135
3.14135
3.14135
3.14135
3.14135
3.14135
3.14135
3.14135
3.14135
3.14135
3.14135
3.14135
3.14135
3.14135
3.14135
3.14135
3.14135
3.14135
3.14135
3.14135
3.14135
3.14135
3.14135
3.14135
3.14135
3.14135
3.14135
3.14135
3.14135
3.14135
3.14135
3.14135
3.14135
3.14135
3.14135
3.14135
3.14135
3.14135
3.14135
3.14135
3.14135
3.14135
3.14135
3.14135
3.14135
3.14135
3.14135
3.14135
3.14135
3.14135
3.14135
3.14135
3.14135
3.14135
3.14135
3.14135
3.14135
3.14135
3.14135
3.14135
3.14135
3.14135
3.14135
3.14135
3.14135
3.14135
3.14135
3.14135
3.14135
3.14135
3.14135
3.14135
3.14135
3.14135
3.14135
3.14135
3.14135
3.14135
3.14135
3.14135
3.14135
3.14135
3.14135
3.14135
3.14135
3.14135
3.14135
3.14135
3.14135
3.14135
3.14135
3.14135
3.14135
3.14135
3.14135
3.14135
3.14135
3.14135
3.14135
3.14135
3.14135
3.14135
3.14135
3.14135
3.14135
3.14135
3.14135
3.14135
3.14135
3.14135
3.14135
3.14135
3.14135
3.14135
3.14135
3.14135
3.14135
3.14135
3.14135
3.14135
3.14135
3.14135
3.14135
3.14135
3.14135
3.14135
3.14135
3.14135
3.14135
3.14135
3.14135
3.14135
3.14135
3.14135
3.14135
3.14135
3.14135
3.14135
3.14135
3.14135
3.14135
3.14135
3.14135
3.14135
3.14135
3.14135
3.14135
3.14135
3.14135
3.14135
3.14135
3.14135
3.14135
3.14135
3.14135
3.14135
3.14135
3.14135
3.14135
3.14135
3.14135
3.14135
3.14135
3.14135
3.14135
3.14135
3.14135
3.14135
3.14135
3.14135
3.14135
3.14135
3.14135
3.14135
3.14135
3.14135
3.14135
3.14135
3.14135
3.14135
3.14135
3.14135
3.14135
3.14135
3.14135
3.14135
3.14135
3.14135
3.14135
3.14135
3.14135
3.14135
3.14135
3.14135
3.14135
3.14135
3.14135
3.14135
3.14135
3.14135
3.14135
3.14135
3.14135
3.14135
3.14135
3.14135
3.14135
3.14135
3.14135
3.14135
3.14135
3.14135
3.14135
3.14135
3.14135
3.14135
3.14135
3.14135
3.14135
3.14135
3.14135
3.14135
3.14135
3.14135
3.14135
3.14135
3.14135
3.14135
3.14135
3.14135
3.14135
3.14135
3.14135
3.14135
3.14135
3.14135
3.14135
3.14135
3.14135
3.14135
3.14135
3.14135
3.14135
3.14135
3.14135
3.14135
3.14135
3.14135
3.14135
3.14135
3.14135
3.14135
3.14135
3.14135
3.14135
3.14135
3.14135
3.14135
3.14135
3.14135
3.14135
3.14135
3.14135
3.14135
3.14135
3.14135
3.14135
3.14135
3.14135
3.14135
3.14135
3.14135
3.14135
3.14135
3.14135
3.14135
3.14135
3.14135
3.14135
3.14135
3.14135
3.14135
3.14135
3.14135
3.14135
3.14135
3.14135
3.14135
3.14135
3.14135
3.14135
3.14135
3.14135
3.14135
3.14135
3.14135
3.14135
3.14135
3.14135
3.14135
3.14135
3.14135
3.14135
3.14135
3.14135
3.14135
3.14135
3.14135
3.14135
3.14135
3.14135
3.14135
3.14135
3.14135
3.14135
3.14135
3.14135
3.14135
3.14135
3.14135
3.14135
3.14135
3.14135
3.14135
3.14135
3.14135
3.14135
3.14135
3.14135
3.14135
3.14135
3.14135
3.14135
3.14135
3.14135
3.14135
3.14135
3.14135
3.14135
3.14135
3.14135
3.14135
3.14135
3.14135
3.14135
3.14135
3.14135
3.14135
3.14135
3.14135
3.14135
3.14135
3.14135
3.14135
3.14135
3.14135
3.14135
3.14135
3.14135
3.14135
3.14135
3.14135
3.14135
3.14135
3.14135
3.14135
3.14135
3.14135
3.14135
3.14135
3.14135
3.14135
3.14135
3.14135
3.14135
3.14135
3.14135
3.14135
3.14135
3.14135
3.14135
3.14135
3.14135
3.14135
3.14135
3.14135
3.14135
3.14135
3.14135
3.14135
3.14135
3.14135
3.14135
3.14135
3.14135
3.14135
3.14135
3.14135
3.14135
3.14135
3.14135
3.14135
3.14135
3.14135
3.14135
3.14135
3.14135
3.14135
3.14135
3.14135
3.14135
3.14135
3.14135
3.14135
3.14135
3.14135
3.14135
3.14135
3.14135
3.14135
3.14135
3.14135
3.14135
3.14135
3.14135
3.14135
3.14135
3.14135
3.14135
3.14135
3.14135
3.14135
3.14135
3.14135
3.14135
3.14135
3.14135
3.14135
3.14135
3.14135
3.14135
3.14135
3.14135
3.14135
3.14135
3.14135
3.14135
3.14135
3.14135
3.14135
3.14135
3.14135
3.14135
3.14135
3.14135
3.14135
3.14135
3.14135
3.14135
3.14135
3.14135
3.14135
3.14135
3.14135
3.14135
3.14135
3.14135
3.14135
3.14135
3.14135
3.14135
3.14135
3.14135
3.14135
3.14135
3.14135
3.14135
3.14135
3.14135
3.14135
3.14135
3.14135
3.14135
3.14135
3.14135
3.14135
3.14135
3.14135
3.14135
3.14135
3.14135
3.14135
3.14135
3.14135
3.14135
3.14135
3.14135
3.14135
3.14135
3.14135
3.14135
3.14135
3.14135
3.14135
3.14135
3.14135
3.14135
3.14135
3.14135
3.14135
3.14135
3.14135
3.14135
3.14135
3.14135
3.14135
3.14135
3.14135
3.14135
3.14135
3.14135
3.14135
3.14135
3.14135
3.14135
3.14135
3.14135
3.14135
3.14135
3.14135
3.14135
3.14135
3.14135
3.14135
3.14135
3.14135
3.14135
3.14135
3.14135
3.14135
3.14135
3.14135
3.14135
3.14135
3.14135
3.14135
3.14135
3.14135
3.14135
3.14135
3.14135
3.14135
3.14135
3.14135
3.14135
3.14135
3.14135
3.14135
3.14135
3.14135
3.14135
3.14135
3.14135
3.14135
3.14135
3.14135
3.14135
3.14135
3.14135
3.14135
3.14135
3.14135
3.14135
3.14135
3.14135
3.14135
3.14135
3.14135
3.14135
3.14135
3.14135
3.14135
3.14135
3.14135
3.14135
3.14135
3.14135
3.14135
3.14135
3.14135
3.14135
3.14135
3.14135
3.14135
3.14135
3.14135
3.14135
3.14135
3.14135
3.14135
3.14135
3.14135
3.14135
3.14135
3.14135
3.14135
3.14135
3.14135
3.14135
3.14135
3.14135
3.14135
3.14135
3.14135
3.14135
3.14135
3.14135
3.14135
3.14135
3.14135
3.14135
3.14135
3.14135
3.14135
3.14135
3.14135
3.14135
3.14135
3.14135
3.14135
3.14135
3.14135
3.14135
3.14135
3.14135
3.14135
3.14135
3.14135
3.14135
3.14135
3.14135
3.14135
3.14135
3.14135
3.14135
3.14135
3.14135
3.14135
3.14135
3.14135
3.14135
3.14135
3.14135
3.14135
3.14135
3.14135
3.14135
3.14135
3.14135
3.14135
3.14135
3.14135
3.14135
3.14135
3.14135
3.14135
3.14135
3.14135
3.14135
3.14135
3.14135
3.14135
3.14135
3.14135
3.14135
3.14135
3.14135
3.14135
3.14135
3.14135
3.14135
3.14135
3.14135
3.14135
3.14135
3.14135
3.14135
3.14135
3.14135
3.14135
3.14135
3.14135
3.14135
3.14135
3.14135
3.14135
3.14135
3.14135
3.14135
3.14135
3.14135
3.14135
3.14135
3.14135
3.14135
3.14135
3.14135
3.14135
3.14135
3.14135
3.14135
3.14135
3.14135
3.14135
3.14135
3.14135
3.14135
3.14135
3.14135
3.14135
3.14135
3.14135
3.14135
3.14135
3.14135
3.14135
3.14135
3.14135
3.14135
3.14135
3.14135
3.14135
3.14135
3.14135
3.14135
3.14135
3.14135
3.14135
3.14135
3.14135
3.14135
3.14135
3.14135
3.14135
3.14135
3.14135
3.14135
3.14135
3.14135
3.14135
3.14135
3.14135
3.14135
3.14135
3.14135
3.14135
3.14135
3.14135
3.14135
3.14135
3.14135
3.14135
3.14135
3.14135
3.14135
3.14135
3.14135
3.14135
3.14135
3.14135
3.14135
3.14135
3.14135
3.14135
3.14135
3.14135
3.14135
3.14135
3.14135
3.14135
3.14135
3.14135
3.14135
3.14135
3.14135
3.14135
3.14135
3.14135
3.14135
3.14135
3.14135
3.14135
3.14135
3.14135
3.14135
3.14135
3.14135
3.14135
3.14135
3.14135
3.14135
3.14135
3.14135
3.14135
3.14135
3.14135
3.14135
3.14135
3.14135
3.14135
3.14135
3.14135
3.14135
3.14135
3.14135
3.14135
3.14135
3.14135
3.14135
3.14135
3.14135
3.14135
3.14135
3.14135
3.14135
3.14135
3.14135
3.14135
3.14135
3.14135
3.14135
3.14135
3.14135
3.14135
3.14135
3.14135
3.14135
3.14135
3.14135
3.14135
3.14135
3.14135
3.14135
3.14135
3.14135
3.14135
3.14135
3.14135
3.14135
3.14135
3.14135
3.14135
3.14135
3.14135
3.14135
3.14135
3.14135
3.14135
3.14135
3.14135
3.14135
3.14135
3.14135
3.14135
3.14135
3.14135
3.14135
3.14135
3.14135
3.14135
3.14135
3.14135
3.14135
3.14135
3.14135
3.14135
3.14135
3.14135
3.14135
3.14135
3.14135
3.14135
3.14135
3.14135
3.14135
3.14135
3.14135
3.14135
3.14135
3.14135
3.14135
3.14135
3.14135
3.14135
3.14135
3.14135
3.14135
3.14135
3.14135
3.14135
3.14135
3.14135
3.14135
3.14135
3.14135
3.14135
3.14135
3.14135
3.14135
3.14135
3.14135
3.14135
3.14135
3.14135
3.14135
3.14135
3.14135
3.14135
3.14135
3.14135
3.14135
3.14135
3.14135
3.14135
3.14135
3.14135
3.14135
3.14135
3.14135
3.14135
3.14135
3.14135
3.14135
3.14135
3.14135
3.14135
3.14135
3.14135
3.14135
3.14135
3.14135
3.14135
3.14135
3.14135
3.14135
3.14135
3.14135
3.14135
3.14135
3.14135
3.14135
3.14135
3.14135
3.14135
3.14135
3.14135
3.14135
3.14135
3.14135
3.14135
3.14135
3.14135
3.14135
3.14135
3.14135
3.14135
3.14135
3.14135
3.14135
3.14135
3.14135
3.14135
3.14135
3.14135
3.14135
3.14135
3.14135
3.14135
3.14135
3.14135
3.14135
3.14135
3.14135
3.14135
3.14135
3.14135
3.14135
3.14135
3.14135
3.14135
3.14135
3.14135
3.14135
3.14135
3.14135
3.14135
3.14135
3.14135
3.14135
3.14135
3.14135
3.14135
3.14135
3.14135
3.14135
3.14135
3.14135
3.14135
3.14135
3.14135
3.14135
3.14135
3.14135
3.14135
3.14135
3.14135
3.14135
3.14135
3.14135
3.14135
3.14135
3.14135
3.14135
3.14135
3.14135
3.14135
3.14135
3.14135
3.14135
3.14135
3.14135
3.14135
3.14135
3.14135
3.14135
3.14135
3.14135
3.14135
3.14135
3.14135
3.14135
3.14135
3.14135
3.14135
3.14135
3.14135
3.14135
3.14135
3.14135
3.14135
3.14135
3.14135
3.14135
3.14135
3.14135
3.14135
3.14135
3.14135
3.14135
3.14135
3.14135
3.14135
3.14135
3.14135
3.14135
3.14135
3.14135
3.14135
3.14135
3.14135
3.14135
3.14135
3.14135
3.14135
3.14135
3.14135
3.14135
3.14135
3.14135
3.14135
3.14135
3.14135
3.14135
3.14135
3.14135
3.14135
3.14135
3.14135
3.14135
3.14135
3.14135
3.14135
3.14135
3.14135
3.14135
3.14135
3.14135
3.14135
3.14135
3.14135
3.14135
3.14135
3.14135
3.14135
3.14135
3.14135
3.14135
3.14135
3.14135
3.14135
3.14135
3.14135
3.14135
3.14135
3.14135
3.14135
3.14135
3.14135
3.14135
3.14135
3.14135
3.14135
3.14135
3.14135
3.14135
3.14135
3.14135
3.14135
3.14135
3.14135
3.14135
3.14135
3.14135
3.14135
3.14135
3.14135
3.14135
3.14135
3.14135
3.14135
3.14135
3.14135
3.14135
3.14135
3.14135
3.14135
3.14135
3.14135
3.14135
3.14135
3.14135
3.14135
3.14135
3.14135
3.14135
3.14135
3.14135
3.14135
3.14135
3.14135
3.14135
3.14135
3.14135
3.14135
3.14135
3.14135
3.14135
3.14135
3.14135
3.14135
3.14135
3.14135
3.14135
3.14135
3.14135
3.14135
3.14135
3.14135
3.14135
3.14135
3.14135
3.14135
3.14135
3.14135
3.14135
3.14135
3.14135
3.14135
3.14135
3.14135
3.14135
3.14135
3.14135
3.14135
3.14135
3.14135
3.14135
3.14135
3.14135
3.14135
3.14135
3.14135
3.14135
3.14135
3.14135
3.14135
3.14135
3.14135
3.14135
3.14135
3.14135
3.14135
3.14135
3.14135
3.14135
3.14135
3.14135
3.14135
3.14135
3.14135
3.14135
3.14135
3.14135
3.14135
3.14135
3.14135
3.14135
3.14135
3.14135
3.14135
3.14135
3.14135
3.14135
3.14135
3.14135
3.14135
3.14135
3.14135
3.14135
3.14135
3.14135
3.14135
3.14135
3.14135
3.14135
3.14135
3.14135
3.14135
3.14135
3.14135
3.14135
3.14135
3.14135
3.14135
3.14135
3.14135
3.14135
3.14135
3.14135
3.14135
3.14135
3.14135
3.14135
3.14135
3.14135
3.14135
3.14135
3.14135
3.14135
3.14135
3.14135
3.14135
3.14135
3.14135
3.14135
3.14135
3.14135
3.14135
3.14135
3.14135
3.14135
3.14135
3.14135
3.14135
3.14135
3.14135
3.14135
3.14135
3.14135
3.14135
3.14135
3.14135
3.14135
3.14135
3.14135
3.14135
3.14135
3.14135
3.14135
3.14135
3.14135
3.14135
3.14135
3.14135
3.14135
3.14135
3.14135
3.14135
3.14135
3.14135
3.14135
3.14135
3.14135
3.14135
3.14135
3.14135
3.14135
3.14135
3.14135
3.14135
3.14135
3.14135
3.14135
3.14135
3.14135
3.14135
3.14135
3.14135
3.14135
3.14135
3.14135
3.14135
3.14135
3.14135
3.14135
3.14135
3.14135
3.14135
3.14135
3.14135
3.14135
3.14135
3.14135
3.14135
3.14135
3.14135
3.14135
3.14135
3.14135
3.14135
3.14135
3.14135
3.14135
3.14135
3.14135
3.14135
3.14135
3.14135
3.14135
3.14135
3.14135
3.14135
3.14135
3.14135
3.14135
3.14135
3.14135
3.14135
3.14135
3.14135
3.14135
3.14135
3.14135
3.14135
3.14135
3.14135
3.14135
3.14135
3.14135
3.14135
3.14135
3.14135
3.14135
3.14135
3.14135
3.14135
3.14135
3.14135
3.14135
3.14135
3.14135
3.14135
3.14135
3.14135
3.14135
3.14135
3.14135
3.14135
3.14135
3.14135
3.14135
3.14135
3.14135
3.14135
3.14135
3.14135
3.14135
3.14135
3.14135
3.14135
3.14135
3.14135
3.14135
3.14135
3.14135
3.14135
3.14135
3.14135
3.14135
3.14135
3.14135
3.14135
3.14135
3.14135
3.14135
3.14135
3.14135
3.14135
3.14135
3.14135
3.14135
3.14135
3.14135
3.14135
3.14135
3.14135
3.14135
3.14135
3.14135
3.14135
3.14135
3.14135
3.14135
3.14135
3.14135
3.14135
3.14135
3.14135
3.14135
3.14135
3.14135
3.14135
3.14135
3.14135
3.14135
3.14135
3.14135
3.14135
3.14135
3.14135
3.14135
3.14135
3.14135
3.14135
3.14135
3.14135
3.14135
3.14135
3.14135
3.14135
3.14135
3.14135
3.14135
3.14135
3.14135
3.14135
3.14135
3.14135
3.14135
3.14135
3.14135
3.14135
3.14135
3.14135
3.14135
3.14135
3.14135
3.14135
3.14135
3.14135
3.14135
3.14135
3.14135
3.14135
3.14135
3.14135
3.14135
3.14135
3.14135
3.14135
3.14135
3.14135
3.14135
3.14135
3.14135
3.14135
3.14135
3.14135
3.14135
3.14135
3.14135
3.14135
3.14135
3.14135
3.14135
3.14135
3.14135
3.14135
3.14135
3.14135
3.14135
3.14135
3.14135
3.14135
3.14135
3.14135
3.14135
3.14135
3.14135
3.14135
3.14135
3.14135
3.14135
3.14135
3.14135
3.14135
3.14135
3.14135
3.14135
3.14135
3.14135
3.14135
3.14135
3.14135
3.14135
3.14135
3.14135
3.14135
3.14135
3.14135
3.14135
3.14135
3.14135
3.14135
3.14135
3.14135
3.14135
3.14135
3.14135
3.14135
3.14135
3.14135
3.14135
3.14135
3.14135
3.14135
3.14135
3.14135
3.14135
3.14135
3.14135
3.14135
3.14135
3.14135
3.14135
3.14135
3.14135
3.14135
3.14135
3.14135
3.14135
3.14135
3.14135
3.14135
3.14135
3.14135
3.14135
3.14135
3.14135
3.14135
3.14135
3.14135
3.14135
3.14135
3.14135
3.14135
3.14135
3.14135
3.14135
3.14135
3.14135
3.14135
3.14135
3.14135
3.14135
3.14135
3.14135
3.14135
3.14135
3.14135
3.14135
3.14135
3.14135
3.14135
3.14135
3.14135
3.14135
3.14135
3.14135
3.14135
3.14135
3.14135
3.14135
3.14135
3.14135
3.14135
3.14135
3.14135
3.14135
3.14135
3.14135
3.14135
3.14135
3.14135
3.14135
3.14135
3.14135
3.14135
3.14135
3.14135
3.14135
3.14135
3.14135
3.14135
3.14135
3.14135
3.14135
3.14135
3.14135
3.14135
3.14135
3.14135
3.14135
3.14135
3.14135
3.14135
3.14135
3.14135
3.14135
3.14135
3.14135
3.14135
3.14135
3.14135
3.14135
3.14135
3.14135
3.14135
3.14135
3.14135
3.14135
3.14135
3.14135
3.14135
3.14135
3.14135
3.14135
3.14135
3.14135
3.14135
3.14135
3.14135
3.14135
3.14135
3.14135
3.14135
3.14135
3.14135
3.14135
3.14135
3.14135
3.14135
3.14135
3.14135
3.14135
3.14135
3.14135
3.14135
3.14135
3.14135
3.14135
3.14135
3.14135
3.14135
3.14135
3.14135
3.14135
3.14135
3.14135
3.14135
3.14135
3.14135
3.14135
3.14135
3.14135
3.14135
3.14135
3.14135
3.14135
3.14135
3.14135
3.14135
3.14135
3.14135
3.14135
3.14135
3.14135
3.14135
3.14135
3.14135
3.14135
3.14135
3.14135
3.14135
3.14135
3.14135
3.14135
3.14135
3.14135
3.14135
3.14135
3.14135
3.14135
3.14135
3.14135
3.14135
3.14135
3.14135
3.14135
3.14135
3.14135
3.14135
3.14135
3.14135
3.14135
3.14135
3.14135
3.14135
3.14135
3.14135
3.14135
3.14135
3.14135
3.14135
3.14135
3.14135
3.14135
3.14135
3.14135
3.14135
3.14135
3.14135
3.14135
3.14135
3.14135
3.14135
3.14135
3.14135
3.14135
3.14135
3.14135
3.14135
3.14135
3.14135
3.14135
3.14135
3.14135
3.14135
3.14135
3.14135
3.14135
3.14135
3.14135
3.14135
3.14135
3.14135
3.14135
3.14135
3.14135
3.14135
3.14135
3.14135
3.14135
3.14135
3.14135
3.14135
3.14135
3.14135
3.14135
3.14135
3.14135
3.14135
3.14135
3.14135
3.14135
3.14135
3.14135
3.14135
3.14135
3.14135
3.14135
3.14135
3.14135
3.14135
3.14135
3.14135
3.14135
3.14135
3.14135
3.14135
3.14135
3.14135
3.14135
3.14135
3.14135
3.14135
3.14135
3.14135
3.14135
3.14135
3.14135
3.14135
3.14135
3.14135
3.14135
3.14135
3.14135
3.14135
3.14135
3.14135
3.14135
3.14135
3.14135
3.14135
3.14135
3.14135
3.14135
3.14135
3.14135
3.14135
3.14135
3.14135
3.14135
3.14135
3.14135
3.14135
3.14135
3.14135
3.14135
3.14135
3.14135
3.14135
3.14135
3.14135
3.14135
3.14135
3.14135
3.14135
3.14135
3.14135
3.14135
3.14135
3.14135
3.14135
3.14135
3.14135
3.14135
3.14135
3.14135
3.14135
3.14135
3.14135
3.14135
3.14135
3.14135
3.14135
3.14135
3.14135
3.14135
3.14135
3.14135
3.14135
3.14135
3.14135
3.14135
3.14135
3.14135
3.14135
3.14135
3.14135
3.14135
3.14135
3.14135
3.14135
3.14135
3.14135
3.14135
3.14135
3.14135
3.14135
3.14135
3.14135
3.14135
3.14135
3.14135
3.14135
3.14135
3.14135
3.14135
3.14135
3.14135
3.14135
3.14135
3.14135
3.14135
3.14135
3.14135
3.14135
3.14135
3.14135
3.14135
3.14135
3.14135
3.14135
3.14135
3.14135
3.14135
3.14135
3.14135
3.14135
3.14135
3.14135
3.14135
3.14135
3.14135
3.14135
3.14135
3.14135
3.14135
3.14135
3.14135
3.14135
3.14135
3.14135
3.14135
3.14135
3.14135
3.14135
3.14135
3.14135
3.14135
3.14135
3.14135
3.14135
3.14135
3.14135
3.14135
3.14135
3.14135
3.14135
3.14135
3.14135
3.14135
3.14135
3.14135
3.14135
3.14135
3.14135
3.14135
3.14135
3.14135
3.14135
3.14135
3.14135
3.14135
3.14135
3.14135
3.14135
3.14135
3.14135
3.14135
3.14135
3.14135
3.14135
3.14135
3.14135
3.14135
3.14135
3.14135
3.14135
3.14135
3.14135
3.14135
3.14135
3.14135
3.14135
3.14135
3.14135
3.14135
3.14135
3.14135
3.14135
3.14135
3.14135
3.14135
3.14135
3.14135
3.14135
3.14135
3.14135
3.14135
3.14135
3.14135
3.14135
3.14135
3.14135
3.14135
3.14135
3.14135
3.14135
3.14135
3.14135
3.14135
3.14135
3.14135
3.14135
3.14135
3.14135
3.14135
3.14135
3.14135
3.14135
3.14135
3.14135
3.14135
3.14135
3.14135
3.14135
3.14135
3.14135
3.14135
3.14135
3.14135
3.14135
3.14135
3.14135
3.14135
3.14135
3.14135
3.14135
3.14135
3.14135
3.14135
3.14135
3.14135
3.14135
3.14135
3.14135
3.14135
3.14135
3.14135
3.14135
3.14135
3.14135
3.14135
3.14135
3.14135
3.14135
3.14135
3.14135
3.14135
3.14135
3.14135
3.14135
3.14135
3.14135
3.14135
3.14135
3.14135
3.14135
3.14135
3.14135
3.14135
3.14135
3.14135
3.14135
3.14135
3.14135
3.14135
3.14135
3.14135
3.14135
3.14135
3.14135
3.14135
3.14135
3.14135
3.14135
3.14135
3.14135
3.14135
3.14135
3.14135
3.14135
3.14135
3.14135
3.14135
3.14135
3.14135
3.14135
3.14135
3.14135
3.14135
3.14135
3.14135
3.14135
3.14135
3.14135
3.14135
3.14135
3.14135
3.14135
3.14135
3.14135
3.14135
3.14135
3.14135
3.14135
3.14135
3.14135
3.14135
3.14135
3.14135
3.14135
3.14135
3.14135
3.14135
3.14135
3.14135
3.14135
3.14135
3.14135
3.14135
3.14135
3.14135
3.14135
3.14135
3.14135
3.14135
3.14135
3.14135
3.14135
3.14135
3.14135
3.14135
3.14135
3.14135
3.14135
3.14135
3.14135
3.14135
3.14135
3.14135
3.14135
3.14135
3.14135
3.14135
3.14135
3.14135
3.14135
3.14135
3.14135
3.14135
3.14135
3.14135
3.14135
3.14135
3.14135
3.14135
3.14135
3.14135
3.14135
3.14135
3.14135
3.14135
3.14135
3.14135
3.14135
3.14135
3.14135
3.14135
3.14135
3.14135
3.14135
3.14135
3.14135
3.14135
3.14135
3.14135
3.14135
3.14135
3.14135
3.14135
3.14135
3.14135
3.14135
3.14135
3.14135
3.14135
3.14135
3.14135
3.14135
3.14135
3.14135
3.14135
3.14135
3.14135
3.14135
3.14135
3.14135
3.14135
3.14135
3.14135
3.14135
3.14135
3.14135
3.14135
3.14135
3.14135
3.14135
3.14135
3.14135
3.14135
3.14135
3.14135
3.14135
3.14135
3.14135
3.14135
3.14135
3.14135
3.14135
3.14135
3.14135
3.14135
3.14135
3.14135
3.14135
3.14135
3.14135
3.14135
3.14135
3.14135
3.14135
3.14135
3.14135
3.14135
3.14135
3.14135
3.14135
3.14135
3.14135
3.14135
3.14135
3.14135
3.14135
3.14135
3.14135
3.14135
3.14135
3.14135
3.14135
3.14135
3.14135
3.14135
3.14135
3.14135
3.14135
3.14135
3.14135
3.14135
3.14135
3.14135
3.14135
3.14135
3.14135
3.14135
3.14135
3.14135
3.14135
3.14135
3.14135
3.14135
3.14135
3.14135
3.14135
3.14135
3.14135
3.14135
3.14135
3.14135
3.14135
3.14135
3.14135
3.14135
3.14135
3.14135
3.14135
3.14135
3.14135
3.14135
3.14135
3.14135
3.14135
3.14135
3.14135
3.14135
3.14135
3.14135
3.14135
3.14135
3.14135
3.14135
3.14135
3.14135
3.14135
3.14135
3.14135
3.14135
3.14135
3.14135
3.14135
3.14135
3.14135
3.14135
3.14135
3.14135
3.14135
3.14135
3.14135
3.14135
3.14135
3.14135
3.14135
3.14135
3.14135
3.14135
3.14135
3.14135
3.14135
3.14135
3.14135
3.14135
3.14135
3.14135
3.14135
3.14135
3.14135
3.14135
3.14135
3.14135
3.14135
3.14135
3.14135
3.14135
3.14135
3.14135
3.14135
3.14135
3.14135
3.14135
3.14135
3.14135
3.14135
3.14135
3.14135
3.14135
3.14135
3.14135
3.14135
3.14135
3.14135
3.14135
3.14135
3.14135
3.14135
3.14135
3.14135
3.14135
3.14135
3.14135
3.14135
3.14135
3.14135
3.14135
3.14135
3.14135
3.14135
3.14135
3.14135
3.14135
3.14135
3.14135
3.14135
3.14135
3.14135
3.14135
3.14135
3.14135
3.14135
3.14135
3.14135
3.14135
3.14135
3.14135
3.14135
3.14135
3.14135
3.14135
3.14135
3.14135
3.14135
3.14135
3.14135
3.14135
3.14135
3.14135
3.14135
3.14135
3.14135
3.14135
3.14135
3.14135
3.14135
3.14135
3.14135
3.14135
3.14135
3.14135
3.14135
3.14135
3.14135
3.14135
3.14135
3.14135
3.14135
3.14135
3.14135
3.14135
3.14135
3.14135
3.14135
3.14135
3.14135
3.14135
3.14135
3.14135
3.14135
3.14135
3.14135
3.14135
3.14135
3.14135
3.14135
3.14135
3.14135
3.14135
3.14135
3.14135
3.14135
3.14135
3.14135
3.14135
3.14135
3.14135
3.14135
3.14135
3.14135
3.14135
3.14135
3.14135
3.14135
3.14135
3.14135
3.14135
3.14135
3.14135
3.14135
3.14135
3.14135
3.14135
3.14135
3.14135
3.14135
3.14135
3.14135
3.14135
3.14135
3.14135
3.14135
3.14135
3.14135
3.14135
3.14135
3.14135
3.14135
3.14135
3.14135
3.14135
3.14135
3.14135
3.14135
3.14135
3.14135
3.14135
3.14135
3.14135
3.14135
3.14135
3.14135
3.14135
3.14135
3.14135
3.14135
3.14135
3.14135
3.14135
3.14135
3.14135
3.14135
3.14135
3.14135
3.14135
3.14135
3.14135
3.14135
3.14135
3.14135
3.14135
3.14135
3.14135
3.14135
3.14135
3.14135
3.14135
3.14135
3.14135
3.14135
3.14135
3.14135
3.14135
3.14135
3.14135
3.14135
3.14135
3.14135
3.14135
3.14135
3.14135
3.14135
3.14135
3.14135
3.14135
3.14135
3.14135
3.14135
3.14135
3.14135
3.14135
3.14135
3.14135
3.14135
3.14135
3.14135
3.14135
3.14135
3.14135
3.14135
3.14135
3.14135
3.14135
3.14135
3.14135
3.14135
3.14135
3.14135
3.14135
3.14135
3.14135
3.14135
3.14135
3.14135
3.14135
3.14135
3.14135
3.14135
3.14135
3.14135
3.14135
3.14135
3.14135
3.14135
3.14135
3.14135
3.14135
3.14135
3.14135
3.14135
3.14135
3.14135
3.14135
3.14135
3.14135
3.14135
3.14135
3.14135
3.14135
3.14135
3.14135
3.14135
3.14135
3.14135
3.14135
3.14135
3.14135
3.14135
3.14135
3.14135
3.14135
3.14135
3.14135
3.14135
3.14135
3.14135
3.14135
3.14135
3.14135
3.14135
3.14135
3.14135
3.14135
3.14135
3.14135
3.14135
3.14135
3.14135
3.14135
3.14135
3.14135
3.14135
3.14135
3.14135
3.14135
3.14135
3.14135
3.14135
3.14135
3.14135
3.14135
3.14135
3.14135
3.14135
3.14135
3.14135
3.14135
3.14135
3.14135
3.14135
3.14135
3.14135
3.14135
3.14135
3.14135
3.14135
3.14135
3.14135
3.14135
3.14135
3.14135
3.14135
3.14135
3.14135
3.14135
3.14135
3.14135
3.14135
3.14135
3.14135
3.14135
3.14135
3.14135
3.14135
3.14135
3.14135
3.14135
3.14135
3.14135
3.14135
3.14135
3.14135
3.14135
3.14135
3.14135
3.14135
3.14135
3.14135
3.14135
3.14135
3.14135
3.14135
3.14135
3.14135
3.14135
3.14135
3.14135
3.14135
3.14135
3.14135
3.14135
3.14135
3.14135
3.14135
3.14135
3.14135
3.14135
3.14135
3.14135
3.14135
3.14135
3.14135
3.14135
3.14135
3.14135
3.14135
3.14135
3.14135
3.14135
3.14135
3.14135
3.14135
3.14135
3.14135
3.14135
3.14135
3.14135
3.14135
3.14135
3.14135
3.14135
3.14135
3.14135
3.14135
3.14135
3.14135
3.14135
3.14135
3.14135
3.14135
3.14135
3.14135
3.14135
3.14135
3.14135
3.14135
3.14135
3.14135
3.14135
3.14135
3.14135
3.14135
3.14135
3.14135
3.14135
3.14135
3.14135
3.14135
3.14135
3.14135
3.14135
3.14135
3.14135
3.14135
3.14135
3.14135
3.14135
3.14135
3.14135
3.14135
3.14135
3.14135
3.14135
3.14135
3.14135
3.14135
3.14135
3.14135
3.14135
3.14135
3.14135
3.14135
3.14135
3.14135
3.14135
3.14135
3.14135
3.14135
3.14135
3.14135
3.14135
3.14135
3.14135
3.14135
3.14135
3.14135
3.14135
3.14135
3.14135
3.14135
3.14135
3.14135
3.14135
3.14135
3.14135
3.14135
3.14135
3.14135
3.14135
3.14135
3.14135
3.14135
3.14135
3.14135
3.14135
3.14135
3.14135
3.14135
3.14135
3.14135
3.14135
3.14135
3.14135
3.14135
3.14135
3.14135
3.14135
3.14135
3.14135
3.14135
3.14135
3.14135
3.14135
3.14135
3.14135
3.14135
3.14135
3.14135
3.14135
3.14135
3.14135
3.14135
3.14135
3.14135
3.14135
3.14135
3.14135
3.14135
3.14135
3.14135
3.14135
3.14135
3.14135
3.14135
3.14135
3.14135
3.14135
3.14135
3.14135
3.14135
3.14135
3.14135
3.14135
3.14135
3.14135
3.14135
3.14135
3.14135
3.14135
3.14135
3.14135
3.14135
3.14135
3.14135
3.14135
3.14135
3.14135
3.14135
3.14135
3.14135
3.14135
3.14135
3.14135
3.14135
3.14135
3.14135
3.14135
3.14135
3.14135
3.14135
3.14135
3.14135
3.14135
3.14135
3.14135
3.14135
3.14135
3.14135
3.14135
3.14135
3.14135
3.14135
3.14135
3.14135
3.14135
3.14135
3.14135
3.14135
3.14135
3.14135
3.14135
3.14135
3.14135
3.14135
3.14135
3.14135
3.14135
3.14135
3.14135
3.14135
3.14135
3.14135
3.14135
3.14135
3.14135
3.14135
3.14135
3.14135
3.14135
3.14135
3.14135
3.14135
3.14135
3.14135
3.14135
3.14135
3.14135
3.14135
3.14135
3.14135
3.14135
3.14135
3.14135
3.14135
3.14135
3.14135
3.14135
3.14135
3.14135
3.14135
3.14135
3.14135
3.14135
3.14135
3.14135
3.14135
3.14135
3.14135
3.14135
3.14135
3.14135
3.14135
3.14135
3.14135
3.14135
3.14135
3.14135
3.14135
3.14135
3.14135
3.14135
3.14135
3.14135
3.14135
3.14135
3.14135
3.14135
3.14135
3.14135
3.14135
3.14135
3.14135
3.14135
3.14135
3.14135
3.14135
3.14135
3.14135
3.14135
3.14135
3.14135
3.14135
3.14135
3.14135
3.14135
3.14135
3.14135
3.14135
3.14135
3.14135
3.14135
3.14135
3.14135
3.14135
3.14135
3.14135
3.14135
3.14135
3.14135
3.14135
3.14135
3.14135
3.14135
3.14135
3.14135
3.14135
3.14135
3.14135
3.14135
3.14135
3.14135
3.14135
3.14135
3.14135
3.14135
3.14135
3.14135
3.14135
3.14135
3.14135
3.14135
3.14135
3.14135
3.14135
3.14135
3.14135
3.14135
3.14135
3.14135
3.14135
3.14135
3.14135
3.14135
3.14135
3.14135
3.14135
3.14135
3.14135
3.14135
3.14135
3.14135
3.14135
3.14135
3.14135
3.14135
3.14135
3.14135
3.14135
3.14135
3.14135
3.14135
3.14135
3.14135
3.14135
3.14135
3.14135
3.14135
3.14135
3.14135
3.14135
3.14135
3.14135
3.14135
3.14135
3.14135
3.14135
3.14135
3.14135
3.14135
3.14135
3.14135
3.14135
3.14135
3.14135
3.14135
3.14135
3.14135
3.14135
3.14135
3.14135
3.14135
3.14135
3.14135
3.14135
3.14135
3.14135
3.14135
3.14135
3.14135
3.14135
3.14135
3.14135
3.14135
3.14135
3.14135
3.14135
3.14135
3.14135
3.14135
3.14135
3.14135
3.14135
3.14135
3.14135
3.14135
3.14135
3.14135
3.14135
3.14135
3.14135
3.14135
3.14135
3.14135
3.14135
3.14135
3.14135
3.14135
3.14135
3.14135
3.14135
3.14135
3.14135
3.14135
3.14135
3.14135
3.14135
3.14135
3.14135
3.14135
3.14135
3.14135
3.14135
3.14135
3.14135
3.14135
3.14135
3.14135
3.14135
3.14135
3.14135
3.14135
3.14135
3.14135
3.14135
3.14135
3.14135
3.14135
3.14135
3.14135
3.14135
3.14135
3.14135
3.14135
3.14135
3.14135
3.14135
3.14135
3.14135
3.14135
3.14135
3.14135
3.14135
3.14135
3.14135
3.14135
3.14135
3.14135
3.14135
3.14135
3.14135
3.14135
3.14135
3.14135
3.14135
3.14135
3.14135
3.14135
3.14135
3.14135
3.14135
3.14135
3.14135
3.14135
3.14135
3.14135
3.14135
3.14135
3.14135
3.14135
3.14135
3.14135
3.14135
3.14135
3.14135
3.14135
3.14135
3.14135
3.14135
3.14135
3.14135
3.14135
3.14135
3.14135
3.14135
3.14135
3.14135
3.14135
3.14135
3.14135
3.14135
3.14135
3.14135
3.14135
3.14135
3.14135
3.14135
3.14135
3.14135
3.14135
3.14135
3.14135
3.14135
3.14135
3.14135
3.14135
3.14135
3.14135
3.14135
3.14135
3.14135
3.14135
3.14135
3.14135
3.14135
3.14135
3.14135
3.14135
3.14135
3.14135
3.14135
3.14135
3.14135
3.14135
3.14135
3.14135
3.14135
3.14135
3.14135
3.14135
3.14135
3.14135
3.14135
3.14135
3.14135
3.14135
3.14135
3.14135
3.14135
3.14135
3.14135
3.14135
3.14135
3.14135
3.14135
3.14135
3.14135
3.14135
3.14135
3.14135
3.14135
3.14135
3.14135
3.14135
3.14135
3.14135
3.14135
3.14135
3.14135
3.14135
3.14135
3.14135
3.14135
3.14135
3.14135
3.14135
3.14135
3.14135
3.14135
3.14135
3.14135
3.14135
3.14135
3.14135
3.14135
3.14135
3.14135
3.14135
3.14135
3.14135
3.14135
3.14135
3.14135
3.14135
3.14135
3.14135
3.14135
3.14135
3.14135
3.14135
3.14135
3.14135
3.14135
3.14135
3.14135
3.14135
3.14135
3.14135
3.14135
3.14135
3.14135
3.14135
3.14135
3.14135
3.14135
3.14135
3.14135
3.14135
3.14135
3.14135
3.14135
3.14135
3.14135
3.14135
3.14135
3.14135
3.14135
3.14135
3.14135
3.14135
3.14135
3.14135
3.14135
3.14135
3.14135
3.14135
3.14135
3.14135
3.14135
3.14135
3.14135
3.14135
3.14135
3.14135
3.14135
3.14135
3.14135
3.14135
3.14135
3.14135
3.14135
3.14135
3.14135
3.14135
3.14135
3.14135
3.14135
3.14135
3.14135
3.14135
3.14135
3.14135
3.14135
3.14135
3.14135
3.14135
3.14135
3.14135
3.14135
3.14135
3.14135
3.14135
3.14135
3.14135
3.14135
3.14135
3.14135
3.14135
3.14135
3.14135
3.14135
3.14135
3.14135
3.14135
3.14135
3.14135
3.14135
3.14135
3.14135
3.14135
3.14135
3.14135
3.14135
3.14135
3.14135
3.14135
3.14135
3.14135
3.14135
3.14135
3.14135
3.14135
3.14135
3.14135
3.14135
3.14135
3.14135
3.14135
3.14135
3.14135
3.14135
3.14135
3.14135
3.14135
3.14135
3.14135
3.14135
3.14135
3.14135
3.14135
3.14135
3.14135
3.14135
3.14135
3.14135
3.14135
3.14135
3.14135
3.14135
3.14135
3.14135
3.14135
3.14135
3.14135
3.14135
3.14135
3.14135
3.14135
3.14135
3.14135
3.14135
3.14135
3.14135
3.14135
3.14135
3.14135
3.14135
3.14135
3.14135
3.14135
3.14135
3.14135
3.14135
3.14135
3.14135
3.14135
3.14135
3.14135
3.14135
3.14135
3.14135
3.14135
3.14135
3.14135
3.14135
3.14135
3.14135
3.14135
3.14135
3.14135
3.14135
3.14135
3.14135
3.14135
3.14135
3.14135
3.14135
3.14135
3.14135
3.14135
3.14135
3.14135
3.14135
3.14135
3.14135
3.14135
3.14135
3.14135
3.14135
3.14135
3.14135
3.14135
3.14135
3.14135
3.14135
3.14135
3.14135
3.14135
3.14135
3.14135
3.14135
3.14135
3.14135
3.14135
3.14135
3.14135
3.14135
3.14135
3.14135
3.14135
3.14135
3.14135
3.14135
3.14135
3.14135
3.14135
3.14135
3.14135
3.14135
3.14135
3.14135
3.14135
3.14135
3.14135
3.14135
3.14135
3.14135
3.14135
3.14135
3.14135
3.14135
3.14135
3.14135
3.14135
3.14135
3.14135
3.14135
3.14135
3.14135
3.14135
3.14135
3.14135
3.14135
3.14135
3.14135
3.14135
3.14135
3.14135
3.14135
3.14135
3.14135
3.14135
3.14135
3.14135
3.14135
3.14135
3.14135
3.14135
3.14135
3.14135
3.14135
3.14135
3.14135
3.14135
3.14135
3.14135
3.14135
3.14135
3.14135
3.14135
3.14135
3.14135
3.14135
3.14135
3.14135
3.14135
3.14135
3.14135
3.14135
3.14135
3.14135
3.14135
3.14135
3.14135
3.14135
3.14135
3.14135
3.14135
3.14135
3.14135
3.14135
3.14135
3.14135
3.14135
3.14135
3.14135
3.14135
3.14135
3.14135
3.14135
3.14135
3.14135
3.14135
3.14135
3.14135
3.14135
3.14135
3.14135
3.14135
3.14135
3.14135
3.14135
3.14135
3.14135
3.14135
3.14135
3.14135
3.14135
3.14135
3.14135
3.14135
3.14135
3.14135
3.14135
3.14135
3.14135
3.14135
3.14135
3.14135
3.14135
3.14135
3.14135
3.14135
3.14135
3.14135
3.14135
3.14135
3.14135
3.14135
3.14135
3.14135
3.14135
3.14135
3.14135
3.14135
3.14135
3.14135
3.14135
3.14135
3.14135
3.14135
3.14135
3.14135
3.14135
3.14135
3.14135
3.14135
3.14135
3.14135
3.14135
3.14135
3.14135
3.14135
3.14135
3.14135
3.14135
3.14135
3.14135
3.14135
3.14135
3.14135
3.14135
3.14135
3.14135
3.14135
3.14135
3.14135
3.14135
3.14135
3.14135
3.14135
3.14135
3.14135
3.14135
3.14135
3.14135
3.14135
3.14135
3.14135
3.14135
3.14135
3.14135
3.14135
3.14135
3.14135
3.14135
3.14135
3.14135
3.14135
3.14135
3.14135
3.14135
3.14135
3.14135
3.14135
3.14135
3.14135
3.14135
3.14135
3.14135
3.14135
3.14135
3.14135
3.14135
3.14135
3.14135
3.14135
3.14135
3.14135
3.14135
3.14135
3.14135
3.14135
3.14135
3.14135
3.14135
3.14135
3.14135
3.14135
3.14135
3.14135
3.14135
3.14135
3.14135
3.14135
3.14135
3.14135
3.14135
3.14135
3.14135
3.14135
3.14135
3.14135
3.14135
3.14135
3.14135
3.14135
3.14135
3.14135
3.14135
3.14135
3.14135
3.14135
3.14135
3.14135
3.14135
3.14135
3.14135
3.14135
3.14135
3.14135
3.14135
3.14135
3.14135
3.14135
3.14135
3.14135
3.14135
3.14135
3.14135
3.14135
3.14135
3.14135
3.14135
3.14135
3.14135
3.14135
3.14135
3.14135
3.14135
3.14135
3.14135
3.14135
3.14135
3.14135
3.14135
3.14135
3.14135
3.14135
3.14135
3.14135
3.14135
3.14135
3.14135
3.14135
3.14135
3.14135
3.14135
3.14135
3.14135
3.14135
3.14135
3.14135
3.14135
3.14135
3.14135
3.14135
3.14135
3.14135
3.14135
3.14135
3.14135
3.14135
3.14135
3.14135
3.14135
3.14135
3.14135
3.14135
3.14135
3.14135
3.14135
3.14135
3.14135
3.14135
3.14135
3.14135
3.14135
3.14135
3.14135
3.14135
3.14135
3.14135
3.14135
3.14135
3.14135
3.14135
3.14135
3.14135
3.14135
3.14135
3.14135
3.14135
3.14135
3.14135
3.14135
3.14135
3.14135
3.14135
3.14135
3.14135
3.14135
3.14135
3.14135
3.14135
3.14135
3.14135
3.14135
3.14135
3.14135
3.14135
3.14135
3.14135
3.14135
3.14135
3.14135
3.14135
3.14135
3.14135
3.14135
3.14135
3.14135
3.14135
3.14135
3.14135
3.14135
3.14135
3.14135
3.14135
3.14135
3.14135
3.14135
3.14135
3.14135
3.14135
3.14135
3.14135
3.14135
3.14135
3.14135
3.14135
3.14135
3.14135
3.14135
3.14135
3.14135
3.14135
3.14135
3.14135
3.14135
3.14135
3.14135
3.14135
3.14135
3.14135
3.14135
3.14135
3.14135
3.14135
3.14135
3.14135
3.14135
3.14135
3.14135
3.14135
3.14135
3.14135
3.14135
3.14135
3.14135
3.14135
3.14135
3.14135
3.14135
3.14135
3.14135
3.14135
3.14135
3.14135
3.14135
3.14135
3.14135
3.14135
3.14135
3.14135
3.14135
3.14135
3.14135
3.14135
3.14135
3.14135
3.14135
3.14135
3.14135
3.14135
3.14135
3.14135
3.14135
3.14135
3.14135
3.14135
3.14135
3.14135
3.14135
3.14135
3.14135
3.14135
3.14135
3.14135
3.14135
3.14135
3.14135
3.14135
3.14135
3.14135
3.14135
3.14135
3.14135
3.14135
3.14135
3.14135
3.14135
3.14135
3.14135
3.14135
3.14135
3.14135
3.14135
3.14135
3.14135
3.14135
3.14135
3.14135
3.14135
3.14135
3.14135
3.14135
3.14135
3.14135
3.14135
3.14135
3.14135
3.14135
3.14135
3.14135
3.14135
3.14135
3.14135
3.14135
3.14135
3.14135
3.14135
3.14135
3.14135
3.14135
3.14135
3.14135
3.14135
3.14135
3.14135
3.14135
3.14135
3.14135
3.14135
3.14135
3.14135
3.14135
3.14135
3.14135
3.14135
3.14135
3.14135
3.14135
3.14135
3.14135
3.14135
3.14135
3.14135
3.14135
3.14135
3.14135
3.14135
3.14135
3.14135
3.14135
3.14135
3.14135
3.14135
3.14135
3.14135
3.14135
3.14135
3.14135
3.14135
3.14135
3.14135
3.14135
3.14135
3.14135
3.14135
3.14135
3.14135
3.14135
3.14135
3.14135
3.14135
3.14135
3.14135
3.14135
3.14135
3.14135
3.14135
3.14135
3.14135
3.14135
3.14135
3.14135
3.14135
3.14135
3.14135
3.14135
3.14135
3.14135
3.14135
3.14135
3.14135
3.14135
3.14135
3.14135
3.14135
3.14135
3.14135
3.14135
3.14135
3.14135
3.14135
3.14135
3.14135
3.14135
3.14135
3.14135
3.14135
3.14135
3.14135
3.14135
3.14135
3.14135
3.14135
3.14135
3.14135
3.14135
3.14135
3.14135
3.14135
3.14135
3.14135
3.14135
3.14135
3.14135
3.14135
3.14135
3.14135
3.14135
3.14135
3.14135
3.14135
3.14135
3.14135
3.14135
3.14135
3.14135
3.14135
3.14135
3.14135
3.14135
3.14135
3.14135
3.14135
3.14135
3.14135
3.14135
3.14135
3.14135
3.14135
3.14135
3.14135
3.14135
3.14135
3.14135
3.14135
3.14135
3.14135
3.14135
3.14135
3.14135
3.14135
3.14135
3.14135
3.14135
3.14135
3.14135
3.14135
3.14135
3.14135
3.14135
3.14135
3.14135
3.14135
3.14135
3.14135
3.14135
3.14135
3.14135
3.14135
3.14135
3.14135
3.14135
3.14135
3.14135
3.14135
3.14135
3.14135
3.14135
3.14135
3.14135
3.14135
3.14135
3.14135
3.14135
3.14135
3.14135
3.14135
3.14135
3.14135
3.14135
3.14135
3.14135
3.14135
3.14135
3.14135
3.14135
3.14135
3.14135
3.14135
3.14135
3.14135
3.14135
3.14135
3.14135
3.14135
3.14135
3.14135
3.14135
3.14135
3.14135
3.14135
3.14135
3.14135
3.14135
3.14135
3.14135
3.14135
3.14135
3.14135
3.14135
3.14135
3.14135
3.14135
3.14135
3.14135
3.14135
3.14135
3.14135
3.14135
3.14135
3.14135
3.14135
3.14135
3.14135
3.14135
3.14135
3.14135
3.14135
3.14135
3.14135
3.14135
3.14135
3.14135
3.14135
3.14135
3.14135
3.14135
3.14135
3.14135
3.14135
3.14135
3.14135
3.14135
3.14135
3.14135
3.14135
3.14135
3.14135
3.14135
3.14135
3.14135
3.14135
3.14135
3.14135
3.14135
3.14135
3.14135
3.14135
3.14135
3.14135
3.14135
3.14135
3.14135
3.14135
3.14135
3.14135
3.14135
3.14135
3.14135
3.14135
3.14135
3.14135
3.14135
3.14135
3.14135
3.14135
3.14135
3.14135
3.14135
3.14135
3.14135
3.14135
3.14135
3.14135
3.14135
3.14135
3.14135
3.14135
3.14135
3.14135
3.14135
3.14135
3.14135
3.14135
3.14135
3.14135
3.14135
3.14135
3.14135
3.14135
3.14135
3.14135
3.14135
3.14135
3.14135
3.14135
3.14135
3.14135
3.14135
3.14135
3.14135
3.14135
3.14135
3.14135
3.14135
3.14135
3.14135
3.14135
3.14135
3.14135
3.14135
3.14135
3.14135
3.14135
3.14135
3.14135
3.14135
3.14135
3.14135
3.14135
3.14135
3.14135
3.14135
3.14135
3.14135
3.14135
3.14135
3.14135
3.14135
3.14135
3.14135
3.14135
3.14135
3.14135
3.14135
3.14135
3.14135
3.14135
3.14135
3.14135
3.14135
3.14135
3.14135
3.14135
3.14135
3.14135
3.14135
3.14135
3.14135
3.14135
3.14135
3.14135
3.14135
3.14135
3.14135
3.14135
3.14135
3.14135
3.14135
3.14135
3.14135
3.14135
3.14135
3.14135
3.14135
3.14135
3.14135
3.14135
3.14135
3.14135
3.14135
3.14135
3.14135
3.14135
3.14135
3.14135
3.14135
3.14135
3.14135
3.14135
3.14135
3.14135
3.14135
3.14135
3.14135
3.14135
3.14135
3.14135
3.14135
3.14135
3.14135
3.14135
3.14135
3.14135
3.14135
3.14135
3.14135
3.14135
3.14135
3.14135
3.14135
3.14135
3.14135
3.14135
3.14135
3.14135
3.14135
3.14135
3.14135
3.14135
3.14135
3.14135
3.14135
3.14135
3.14135
3.14135
3.14135
3.14135
3.14135
3.14135
3.14135
3.14135
3.14135
3.14135
3.14135
3.14135
3.14135
3.14135
3.14135
3.14135
3.14135
3.14135
3.14135
3.14135
3.14135
3.14135
3.14135
3.14135
3.14135
3.14135
3.14135
3.14135
3.14135
3.14135
3.14135
3.14135
3.14135
3.14135
3.14135
3.14135
3.14135
3.14135
3.14135
3.14135
3.14135
3.14135
3.14135
3.14135
3.14135
3.14135
3.14135
3.14135
3.14135
3.14135
3.14135
3.14135
3.14135
3.14135
3.14135
3.14135
3.14135
3.14135
3.14135
3.14135
3.14135
3.14135
3.14135
3.14135
3.14135
3.14135
3.14135
3.14135
3.14135
3.14135
3.14135
3.14135
3.14135
3.14135
3.14135
3.14135
3.14135
3.14135
3.14135
3.14135
3.14135
